"low" "med" "high" "year"
"1" 0.944092010889452 0.978064024473953 1 1910
"2" 0.938754047728973 0.977511181159122 1 1911
"3" 0.933436879169028 0.97703201156442 1 1912
"4" 0.928264212574371 0.976719644227413 1 1913
"5" 0.923330920893052 0.97663913405606 1 1914
"6" 0.918666908161618 0.976803037954834 1 1915
"7" 0.914226460645482 0.977175058236792 1 1916
"8" 0.909932969413409 0.977696912013221 1 1917
"9" 0.905674096913213 0.978265784535364 1 1918
"10" 0.901417673664682 0.978776337451661 1 1919
"11" 0.897192481661986 0.979122016117183 1 1920
"12" 0.893046272314645 0.979250172051137 1 1921
"13" 0.888998941721291 0.979132294765515 1 1922
"14" 0.884954976777313 0.978778797496224 1 1923
"15" 0.880816626580034 0.978224264933003 1 1924
"16" 0.876519458767293 0.977539695442588 1 1925
"17" 0.872029142756169 0.976785485381054 1 1926
"18" 0.867315513695022 0.976015001871984 1 1927
"19" 0.862335210411911 0.975264866464666 1 1928
"20" 0.857007153942922 0.97452474525866 1 1929
"21" 0.851183726052443 0.973742092133233 1 1930
"22" 0.844699666063589 0.972849045602971 1 1931
"23" 0.837388990433226 0.971775590518592 1 1932
"24" 0.82908543768483 0.970457168578046 1 1933
"25" 0.81963864692739 0.968861977391655 1 1934
"26" 0.808926865032698 0.966980211946426 1 1935
"27" 0.796712213434883 0.964758863901874 1 1936
"28" 0.782736248196429 0.962136844997993 1 1937
"29" 0.766823487471084 0.959080392310991 1 1938
"30" 0.748961029213288 0.955602787153719 1 1939
"31" 0.729274337418018 0.951755613316175 1 1940
"32" 0.708079422339965 0.947633142766634 1 1941
"33" 0.685688148003041 0.943328788769842 1 1942
"34" 0.66216640441937 0.938869893214921 1 1943
"35" 0.637302076090234 0.934166086872681 1 1944
"36" 0.610871004871894 0.929087139409591 1 1945
"37" 0.583025419323595 0.923565367289371 1 1946
"38" 0.554154121150943 0.917547530025261 1 1947
"39" 0.525052643732891 0.91095731004814 1 1948
"40" 0.496076399617919 0.903695804785866 1 1949
"41" 0.467452019611421 0.895746354013324 1 1950
"42" 0.439218253133144 0.88714489208861 1 1951
"43" 0.411311774650354 0.87793938824566 1 1952
"44" 0.383504304125354 0.868213298420078 1 1953
"45" 0.355690321356813 0.858156899814521 1 1954
"46" 0.327968862132877 0.848088125296534 1 1955
"47" 0.300755154998714 0.83834957615461 1 1956
"48" 0.274664909345117 0.829256922099333 1 1957
"49" 0.250674520615458 0.820983226595489 1 1958
"50" 0.229235963284556 0.813491393841125 1 1959
"51" 0.210360780841993 0.806553295246004 1 1960
"52" 0.193757477976186 0.799830205053338 1 1961
"53" 0.179053383952231 0.792979183552799 1 1962
"54" 0.165815078533233 0.785738045319794 1 1963
"55" 0.153677059511894 0.77795062732346 1 1964
"56" 0.142381872356645 0.769500384898529 1 1965
"57" 0.131827096143344 0.760215886902106 1 1966
"58" 0.121998248460243 0.749930699259211 1 1967
"59" 0.113057879760577 0.738594730550263 1 1968
"60" 0.105074869225091 0.726315392026676 1 1969
"61" 0.0980190335478215 0.713271904125034 1 1970
"62" 0.0917972884126314 0.699714402523181 1 1971
"63" 0.0862846897771259 0.685910964111318 1 1972
"64" 0.0812919130724414 0.672127138651721 1 1973
"65" 0.076658168345875 0.658562336785647 1 1974
"66" 0.0722233837022929 0.645252473656087 1 1975
"67" 0.0678674763160379 0.632088120444028 1 1976
"68" 0.0637562532438431 0.619127721379403 1 1977
"69" 0.0598780643428564 0.606365109149787 1 1978
"70" 0.0562216132735963 0.59379452488345 1 1979
"71" 0.0527759088167741 0.581410601805578 1 1980
"72" 0.0495303014336006 0.569208376375228 1 1981
"73" 0.0464744990219303 0.557183289678391 1 1982
"74" 0.043598578260648 0.54533118415275 1 1983
"75" 0.0408929920454514 0.533648296226123 1 1984
"76" 0.0383485734890389 0.52213124542214 1 1985
"77" 0.0359565369264473 0.510777020455306 1 1986
"78" 0.0337084763328961 0.499582962804393 1 1987
"79" 0.0315963615278412 0.488546748218824 1 1988
"80" 0.0296125325056782 0.477666366578062 1 1989
"81" 0.0277496922011789 0.466940100489579 1 1990
"82" 0.026000897966705 0.456366502977089 1 1991
"83" 0.0243595520087763 0.445944374577811 1 1992
"84" 0.0228193910038996 0.43567274013573 1 1993
"85" 0.0213744750877745 0.425550825547376 1 1994
"86" 0.020019176388163 0.415578034687667 1 1995
"87" 0.0187481672498334 0.405753926715873 1 1996
"88" 0.0175564082800345 0.396078193935868 1 1997
"89" 0.0164391363248704 0.386550640360528 1 1998
"90" 0.0153918524706325 0.377171161107412 1 1999
"91" 0.0144103101495251 0.367939722731658 1 2000
"92" 0.0134905034161684 0.358856344582455 1 2001
"93" 0.0126286554496809 0.349921081251236 1 2002
"94" 0.0118212073259095 0.341134006163138 1 2003
"95" 0.0110648070953844 0.332495196347937 1 2004
"96" 0.0103562991947071 0.324004718412804 1 2005
"97" 0.00969271421224049 0.315662615726615 1 2006
"98" 0.00907125902304865 0.307468896814229 1 2007
"99" 0.00848930730294319 0.299423524949015 1 2008
"100" 0.00794439042713958 0.291526408922974 1 2009
"101" 0.00743418875533539 0.283777394965919 1 2010
"102" 0.00695652330191173 0.276176259778396 1 2011
"103" 0.00650934778736481 0.268722704637198 1 2012
"104" 0.00609074106493308 0.261416350527471 1 2013
"105" 0.00569889991464022 0.254256734251409 1 2014
"106" 0.00533213219557505 0.247243305460361 1 2015
"107" 0.00498885034612992 0.240375424554807 1 2016
"108" 0.00466756522108017 0.233652361394913 1 2017
"109" 0.00436688025377009 0.227073294763393 1 2018
"110" 0.00408548593124605 0.220637312521919 1 2019
"111" 0.00382215456991424 0.214343412402403 1 2020
"112" 0.00357573537917539 0.208190503375097 1 2021
"113" 0.0033451498004787 0.202177407536371 1 2022
"114" 0.00312938710932358 0.196302862460481 1 2023
"115" 0.00292750026790312 0.19056552396127 1 2024
"116" 0.00273860201631321 0.184963969211754 1 2025
"117" 0.00256186119053324 0.179496700171704 1 2026
"118" 0.00239649925570694 0.174162147275774 1 2027
"119" 0.00224178704360625 0.16895867333718 1 2028
"120" 0.00209704168353857 0.163884577624642 1 2029
"121" 0.00196162371635207 0.158938100072958 1 2030
"122" 0.00183493438159797 0.154117425590355 1 2031
"123" 0.00171641306831951 0.14942068842851 1 2032
"124" 0.00160553492034894 0.144845976583906 1 2033
"125" 0.00150180858740401 0.140391336201856 1 2034
"126" 0.00140477411368072 0.136054775957243 1 2035
"127" 0.00131400095603759 0.131834271388558 1 2036
"128" 0.00122908612425584 0.127727769164352 1 2037
