"inactive_low" "active_low" "inactive_med" "active_med" "inactive_high" "active_high" "year"
"1" 0.91815071242489 1 0.855670876202225 1 0.554705291798252 1 1910
"2" 0.916335559328823 1 0.854727220687303 1 0.552103706956956 1 1911
"3" 0.914483901253712 1 0.853686275876364 1 0.549302362940587 1 1912
"4" 0.912595171318699 1 0.85253740182134 1 0.546285861306983 1 1913
"5" 0.910668801340839 1 0.851268674510772 1 0.543037641000252 1 1914
"6" 0.908704222218638 1 0.849866708126309 1 0.539539902825687 1 1915
"7" 0.906700864333996 1 0.848316448721022 1 0.535773533184805 1 1916
"8" 0.904658157972861 1 0.846600934117196 1 0.531718028536024 1 1917
"9" 0.902575533764911 1 0.844701013803076 1 0.527351422569313 1 1918
"10" 0.90045242314251 1 0.842595021391112 1 0.522650218745922 1 1919
"11" 0.898288258819207 1 0.840258390752118 1 0.517589331688562 1 1920
"12" 0.896082475287982 1 0.837663205227331 1 0.512142041949166 1 1921
"13" 0.893834509339426 1 0.834777667314083 1 0.506279969971438 1 1922
"14" 0.891543800600016 1 0.831565473901555 1 0.499973076647887 1 1923
"15" 0.889209792090596 1 0.827985079504426 1 0.49318969979096 1 1924
"16" 0.886831930805133 1 0.823988827051527 1 0.485896638137017 1 1925
"17" 0.884409668309806 1 0.819521922758946 1 0.478059297211101 1 1926
"18" 0.881942461362386 1 0.814521228711161 1 0.469641914508833 1 1927
"19" 0.879429772551885 1 0.808913844470911 1 0.460607884968978 1 1928
"20" 0.876871070958335 1 0.802615448182662 1 0.450920211521928 1 1929
"21" 0.87426583176034 1 0.795528452543768 1 0.440546006682239 1 1930
"22" 0.871614132706318 1 0.787539442794251 1 0.429441146365297 1 1931
"23" 0.868909649614014 1 0.779479366869284 1 0.418268130789098 1 1932
"24" 0.866060926760271 1 0.771198921332016 1 0.406937692423492 1 1933
"25" 0.862949620123381 1 0.76249840293579 1 0.395304341433589 1 1934
"26" 0.859434267270301 1 0.753146913544077 1 0.383223766029252 1 1935
"27" 0.855369088468434 1 0.742915491100395 1 0.370570486840341 1 1936
"28" 0.850615518270703 1 0.731600892249301 1 0.357271366286971 1 1937
"29" 0.8450422653563 1 0.719067892189975 1 0.343321342661594 1 1938
"30" 0.838539167878748 1 0.705248062603339 1 0.328747433404302 1 1939
"31" 0.831032878162952 1 0.690151015273244 1 0.313714131329989 1 1940
"32" 0.82249066993033 1 0.673901085471449 1 0.298510076636782 1 1941
"33" 0.812877618547272 1 0.656662772703533 1 0.283471551862304 1 1942
"34" 0.802142099069894 1 0.638594941591563 1 0.268934204123066 1 1943
"35" 0.790226793557348 1 0.619860144196347 1 0.255218346849483 1 1944
"36" 0.777094433279422 1 0.600645043588025 1 0.242579111528695 1 1945
"37" 0.762756834803151 1 0.581163710088625 1 0.231231799827718 1 1946
"38" 0.74728805850063 1 0.561653191289673 1 0.221364933218742 1 1947
"39" 0.730816083550327 1 0.542357687621157 1 0.213136620719323 1 1948
"40" 0.713428701660088 1 0.52345105226847 1 0.206586215320868 1 1949
"41" 0.695178373383055 1 0.505008897650347 1 0.201594161154026 1 1950
"42" 0.676114703588718 1 0.486989246557082 1 0.197903783005365 1 1951
"43" 0.656277869662548 1 0.469270154139131 1 0.19517495192668 1 1952
"44" 0.635678470998123 1 0.451699925565161 1 0.193032987050572 1 1953
"45" 0.614307997751858 1 0.434114821271385 1 0.191102390786084 1 1954
"46" 0.592169009054853 1 0.416344858276732 1 0.189018422183714 1 1955
"47" 0.569308713085984 1 0.398224413557069 1 0.18642152484832 1 1956
"48" 0.545833844486429 1 0.379603815978214 1 0.182947699347949 1 1957
"49" 0.521913889229218 1 0.360381577159184 1 0.178273756054069 1 1958
"50" 0.497760276365266 1 0.340537082253264 1 0.172233861256681 1 1959
"51" 0.473627369582381 1 0.320170079332538 1 0.164847148798537 1 1960
"52" 0.449849731580406 1 0.299524735775089 1 0.156297379435155 1 1961
"53" 0.426768622888246 1 0.278895030620373 1 0.146856523474402 1 1962
"54" 0.404615609286588 1 0.258502782629463 1 0.136766134296627 1 1963
"55" 0.383529187102305 1 0.238493481569446 1 0.126227951666223 1 1964
"56" 0.363600626234508 1 0.218970422492542 1 0.115416947504562 1 1965
"57" 0.344914844675072 1 0.200030045789346 1 0.104499935523469 1 1966
"58" 0.32758361580186 1 0.18178375822095 1 0.0936637502500037 1 1967
"59" 0.311726701878906 1 0.164350151064486 1 0.0831071348884285 1 1968
"60" 0.297348333611433 1 0.147769139000698 1 0.0729588035190845 1 1969
"61" 0.284342881531741 1 0.132006574539792 1 0.0632697158216682 1 1970
"62" 0.272536460383501 1 0.116977433206609 1 0.054032688914496 1 1971
"63" 0.261729705061293 1 0.102562504222632 1 0.0452028394842556 1 1972
"64" 0.251686764746294 1 0.0886246164231714 1 0.036705285451434 1 1973
"65" 0.242158742799923 1 0.0750166988199013 1 0.028445228863025 1 1974
"66" 0.232904325605548 1 0.061599253801413 1 0.0203232532955093 1 1975
"67" 0.223747494552398 1 0.0482604892351053 1 0.0122572270358825 1 1976
"68" 0.214857928228437 1 0.0376943222330299 1 0.0073757337206195 1 1977
"69" 0.206227701980033 1 0.0293699931749203 1 0.00442952287299114 1 1978
"70" 0.197856770563338 1 0.0228403574305938 1 0.00265701541531138 1 1979
"71" 0.189744399316832 1 0.0177358861938814 1 0.00159265570545575 1 1980
"72" 0.181889222983016 1 0.0137561269621698 1 0.000954254259694309 1 1981
"73" 0.174289290318789 1 0.0106596955484752 1 0.000571603678476862 1 1982
"74" 0.166942109248428 1 0.00825442096892548 1 0.000342341244949473 1 1983
"75" 0.159844692107544 1 0.00638837273177462 1 0.000205013981625868 1 1984
"76" 0.152993600569435 1 0.00494207335797237 1 0.00012276761051222 1 1985
"77" 0.146384989889683 1 0.0038219502857717 1 7.3513955910709e-05 1 1986
"78" 0.140014652149633 1 0.00295494967634435 1 4.40197124431663e-05 1 1987
"79" 0.13387805822374 1 0.00228417518747359 1 2.63584258042293e-05 1 1988
"80" 0.127970398238854 1 0.0017653971080196 1 1.57829674263255e-05 1 1989
"81" 0.122286620334827 1 0.00136428193220306 1 9.45052658529733e-06 1 1990
"82" 0.116821467574822 1 0.00105420772871168 1 5.65877273928095e-06 1 1991
"83" 0.111569512890041 1 0.000814549754228455 1 3.38834666102628e-06 1 1992
"84" 0.106525191977007 1 0.000629340023943215 1 2.02886441380556e-06 1 1993
"85" 0.101682834095912 1 0.000486222199904907 1 1.214836903074e-06 1 1994
"86" 0.0970366907457413 1 0.000375638478003371 1 7.27415892853855e-07 1 1995
"87" 0.0925809622159507 1 0.00029019801172403 1 4.35559519562645e-07 1 1996
"88" 0.0883098220354616 1 0.000224186960984696 1 2.60802760276846e-07 1 1997
"89" 0.0842174393577563 1 0.000173188776500854 1 1.56162526465664e-07 1 1998
"90" 0.0802979993360357 1 0.000133790137181622 1 9.3506424825307e-08 1 1999
"91" 0.0765457215549474 1 0.000103353350664026 1 5.59894326457311e-08 1 2000
"92" 0.0729548765954857 1 7.98402733170889e-05 1 3.35251457705965e-08 1 2001
"93" 0.0695198008175189 1 6.16761343517069e-05 1 2.00740628564233e-08 1 2002
"94" 0.0662349094502318 1 4.76442485695117e-05 1 1.20198730968468e-08 1 2003
"95" 0.0630947080847983 1 3.68046278929057e-05 1 7.19721526820649e-09 1 2004
"96" 0.0600938026660266 1 2.84310768723373e-05 1 4.30952162844278e-09 1 2005
"97" 0.0572269080807626 1 2.19625802082568e-05 1 2.5804394176987e-09 1 2006
"98" 0.0544888554406842 1 1.69657386415167e-05 1 1.54510582106582e-09 1 2007
"99" 0.0518745981559389 1 1.31057443015781e-05 1 9.25172827237475e-10 1 2008
"100" 0.0493792168940737 1 1.01239554894939e-05 1 5.53971535310893e-10 1 2009
"101" 0.0469979235159823 1 7.82057110693124e-06 1 3.31704885780937e-10 1 2010
"102" 0.0447260640773397 1 6.04124548453377e-06 1 1.98617122748601e-10 1 2011
"103" 0.0425591209802935 1 4.66674770027709e-06 1 1.18927090397847e-10 1 2012
"104" 0.0404927143561721 1 3.60497307116958e-06 1 7.12105929778772e-11 1 2013
"105" 0.0385226027557291 1 2.7847718666596e-06 1 4.26392254837538e-11 1 2014
"106" 0.036644683219072 1 2.15118192237185e-06 1 2.55315768526998e-11 1 2015
"107" 0.0348549907929774 1 1.66174581561762e-06 1 1.52877710490884e-11 1 2016
"108" 0.0331496975588486 1 1.28366588580953e-06 1 9.15401088263934e-12 1 2017
"109" 0.0315251112301694 1 9.91606507572129e-07 1 5.48094902796947e-12 1 2018
"110" 0.0299776733739875 1 7.65996363671917e-07 1 3.28181926079196e-12 1 2019
"111" 0.0285039573067689 1 5.91716970754774e-07 1 1.96509475358653e-12 1 2020
"112" 0.0271006657109153 1 4.57089584404713e-07 1 1.17683640610267e-12 1 2021
"113" 0.0257646280143511 1 3.53092596938609e-07 1 7.04325486822199e-13 1 2022
"114" 0.0244927975718943 1 2.7275698988305e-07 1 4.21884749357559e-13 1 2023
"115" 0.0232822486836112 1 2.10699331315567e-07 1 2.52686760404686e-13 1 2024
"116" 0.0221301734820528 1 1.6276102643431e-07 1 1.50990331349021e-13 1 2025
"117" 0.0210338787171579 1 1.25729641586858e-07 1 9.05941988094128e-14 1 2026
"118" 0.0199907824647043 1 9.71236358005001e-08 1 5.41788836017076e-14 1 2027
"119" 0.0189984107814812 1 7.50260673587633e-08 1 3.24185123190546e-14 1 2028
"120" 0.0180543943278397 1 5.79561372227033e-08 1 1.95399252334028e-14 1 2029
"121" 0.0171564649759537 1 4.47699570749194e-08 1 1.15463194561016e-14 1 2030
"122" 0.0163024524199787 1 3.4583896635354e-08 1 7.105427357601e-15 1 2031
"123" 0.0154902808023262 1 2.67153685840071e-08 1 4.44089209850063e-15 1 2032
"124" 0.0147179653684599 1 2.06370880384554e-08 1 2.66453525910038e-15 1 2033
"125" 0.013983609160979 1 1.5941737707692e-08 1 1.33226762955019e-15 1 2034
"126" 0.013285399762242 1 1.23146735031554e-08 1 8.88178419700125e-16 1 2035
"127" 0.012621606093426 1 9.51283896100108e-09 1 4.44089209850063e-16 1 2036
"128" 0.0119905752766806 1 7.34847782624115e-09 1 4.44089209850063e-16 1 2037
