"inactive_low" "active_low" "inactive_med" "active_med" "inactive_high" "active_high" "year"
"exp.back.mean." 0.571272828163847 1 0.386669966297617 1 0.32880277434385 1 1910
"X" 0.574159591758672 1 0.39097126753899 1 0.327064053525724 1 1911
"X.1" 0.577042446978093 1 0.395288865454315 1 0.325327137637714 1 1912
"X.2" 0.579909903744024 1 0.39958481127843 1 0.323631274609192 1 1913
"X.3" 0.582731884181536 1 0.403812920340486 1 0.322004108430763 1 1914
"X.4" 0.585453855610375 1 0.40790699327614 1 0.320436601498836 1 1915
"X.5" 0.587999462376491 1 0.411792024054946 1 0.318924574369934 1 1916
"X.6" 0.5902873445406 1 0.415386579455515 1 0.317455931366293 1 1917
"X.7" 0.592234699383075 1 0.418591919524008 1 0.315968867760033 1 1918
"X.8" 0.593762791961356 1 0.421316801161849 1 0.314374648395636 1 1919
"X.9" 0.594796016808113 1 0.423478760315186 1 0.312577836927943 1 1920
"X.10" 0.595263604443866 1 0.425006514954108 1 0.310502163680291 1 1921
"X.11" 0.595098293052977 1 0.425831256935416 1 0.308080873734324 1 1922
"X.12" 0.594243287600237 1 0.425886701940211 1 0.305266145743733 1 1923
"X.13" 0.592651180972216 1 0.425119944756285 1 0.302028805910549 1 1924
"X.14" 0.590286501218107 1 0.423488517138842 1 0.298362285487308 1 1925
"X.15" 0.587115323251457 1 0.420957105774172 1 0.294258256870346 1 1926
"X.16" 0.583104882248254 1 0.417494350753334 1 0.289706153207816 1 1927
"X.17" 0.578232591050063 1 0.413081750809668 1 0.284695480178148 1 1928
"X.18" 0.572493530023172 1 0.407715317140932 1 0.2792239713138 1 1929
"X.19" 0.565889285411807 1 0.401403997338796 1 0.273302800193623 1 1930
"X.20" 0.558444590394006 1 0.394179734207838 1 0.266963632253007 1 1931
"X.21" 0.550194724046577 1 0.386085265500256 1 0.260246149074607 1 1932
"X.22" 0.54119305077667 1 0.377185498625699 1 0.253204496550066 1 1933
"X.23" 0.531502422105851 1 0.367559561671319 1 0.245902644457505 1 1934
"X.24" 0.521201495979759 1 0.357308222439043 1 0.238411180695769 1 1935
"X.25" 0.510357667537511 1 0.346529731422734 1 0.230793216030074 1 1936
"X.26" 0.499033985000386 1 0.335318006281835 1 0.223108307361729 1 1937
"X.27" 0.48729612078492 1 0.323758632139023 1 0.215409005353599 1 1938
"X.28" 0.475229051482028 1 0.311941533650711 1 0.207738286714746 1 1939
"X.29" 0.462944089784275 1 0.299973172435628 1 0.200141124717466 1 1940
"X.30" 0.450575840539082 1 0.287969153368758 1 0.192671336341264 1 1941
"X.31" 0.438261132912398 1 0.276042598973332 1 0.185383172083834 1 1942
"X.32" 0.426120251180112 1 0.264286440838178 1 0.178320159599295 1 1943
"X.33" 0.414240403556091 1 0.252768512397225 1 0.171504428724005 1 1944
"X.34" 0.402682647535537 1 0.2415417468515 1 0.16494111511865 1 1945
"X.35" 0.391492093903247 1 0.230653726571564 1 0.158631270044639 1 1946
"X.36" 0.380710710429656 1 0.220152296933434 1 0.152573158774503 1 1947
"X.37" 0.370383965866469 1 0.210089547061525 1 0.146756249001561 1 1948
"X.38" 0.360568465547922 1 0.200515613668014 1 0.141168894412194 1 1949
"X.39" 0.351297946534717 1 0.191460383725908 1 0.135786130343251 1 1950
"X.40" 0.342584054647264 1 0.182928368507082 1 0.130587353926288 1 1951
"X.41" 0.334436009837002 1 0.174917207645827 1 0.125556305377213 1 1952
"X.42" 0.326873329895249 1 0.167421287736421 1 0.120688933641982 1 1953
"X.43" 0.319932733462203 1 0.160443603401806 1 0.115997724599758 1 1954
"X.44" 0.313659130612167 1 0.153990062255331 1 0.111501255746152 1 1955
"X.45" 0.308102830066885 1 0.148073758882696 1 0.107218778594522 1 1956
"X.46" 0.303313639454287 1 0.142709745686584 1 0.10316834698293 1 1957
"X.47" 0.299331946270803 1 0.137912439401237 1 0.0993620817001881 1 1958
"X.48" 0.296183345086228 1 0.133691954469429 1 0.0958053015033693 1 1959
"X.49" 0.29388095010794 1 0.13005247819745 1 0.0924964438247105 1 1960
"X.50" 0.292425007537512 1 0.126990703287215 1 0.0894268244011975 1 1961
"X.51" 0.291809969825366 1 0.124499609106182 1 0.0865849558608538 1 1962
"X.52" 0.292017234840648 1 0.122562957453032 1 0.0839536227931919 1 1963
"X.53" 0.293019977180489 1 0.121157374008615 1 0.0815118112856696 1 1964
"X.54" 0.294782317588106 1 0.120252070501175 1 0.0792369413712315 1 1965
"X.55" 0.297252193447066 1 0.119806183370288 1 0.0771053558733352 1 1966
"X.56" 0.300371073566488 1 0.119775174730665 1 0.0750933021160818 1 1967
"X.57" 0.304069182627455 1 0.12010878072918 1 0.0731778717503242 1 1968
"X.58" 0.308272141800664 1 0.120754706532293 1 0.071337891724804 1 1969
"X.59" 0.312905656364689 1 0.121660140625254 1 0.0695550609873683 1 1970
"X.60" 0.317896782738488 1 0.122775615394505 1 0.0678174797942219 1 1971
"X.61" 0.323174058403797 1 0.12405447045443 1 0.0661156326946895 1 1972
"X.62" 0.328670550310802 1 0.125457268792541 1 0.064442987344469 1 1973
"X.63" 0.334319569610329 1 0.126945030197229 1 0.0627918564346985 1 1974
"X.64" 0.340056302872391 1 0.128480415874583 1 0.0611531550347539 1 1975
"X.65" 0.345831115777862 1 0.130036209674375 1 0.0595197590368932 1 1976
"X.66" 0.351652005493071 1 0.13160795752668 1 0.0579302463299056 1 1977
"X.67" 0.3575173245018 1 0.13319579495152 1 0.05638063428272 1 1978
"X.68" 0.363425635598401 1 0.134799815740427 1 0.0548700594585663 1 1979
"X.69" 0.369375451787265 1 0.136420112982288 1 0.0533976663869042 1 1980
"X.70" 0.375365237662599 1 0.138056778523296 1 0.0519626115177694 1 1981
"X.71" 0.381393410698788 1 0.139709902915628 1 0.0505640634450266 1 1982
"X.72" 0.387458342653747 1 0.141379575365475 1 0.0492012031011981 1 1983
"X.73" 0.393558361083522 1 0.143065883680451 1 0.0478732239252593 1 1984
"X.74" 0.399691750965968 1 0.144768914216383 1 0.0465793320047898 1 1985
"X.75" 0.405856756430864 1 0.146488751823521 1 0.0453187461938009 1 1986
"X.76" 0.412051582593417 1 0.148225479792157 1 0.044090698207548 1 1987
"X.77" 0.418274397487654 1 0.149979179797694 1 0.0428944326955913 1 1988
"X.78" 0.424523334095752 1 0.151749931845176 1 0.0417292072943294 1 1989
"X.79" 0.430796492468995 1 0.153537814213293 1 0.040594292660193 1 1990
"X.80" 0.437091941935583 1 0.1553429033979 1 0.0394889724846439 1 1991
"X.81" 0.443407723390175 1 0.157165274055054 1 0.0384125434920977 1 1992
"X.82" 0.449741851659657 1 0.1590049989436 1 0.0373643154218271 1 1993
"X.83" 0.456092317939293 1 0.160862148867339 1 0.0363436109948814 1 1994
"X.84" 0.462457092293077 1 0.162736792616792 1 0.0353497658670183 1 1995
"X.85" 0.46883412621183 1 0.164628996910587 1 0.0343821285685859 1 1996
"X.86" 0.475221355222296 1 0.166538826336511 1 0.0334400604322824 1 1997
"X.87" 0.481616701540263 1 0.16846634329224 1 0.032522935509657 1 1998
"X.88" 0.488018076760524 1 0.170411607925787 1 0.0316301404771955 1 1999
"X.89" 0.494423384576319 1 0.172374678075697 1 0.0307610745327911 1 2000
"X.90" 0.500830523520762 1 0.174355609211022 1 0.029915149283358 1 2001
"X.91" 0.507237389722641 1 0.176354454371106 1 0.0290917886243292 1 2002
"X.92" 0.51364187966893 1 0.178371264105223 1 0.0282904286117174 1 2003
"X.93" 0.520041892966294 1 0.1804060864121 1 0.0275105173274142 1 2004
"X.94" 0.526435335093904 1 0.182458966679354 1 0.0267515147383488 1 2005
"X.95" 0.532820120139887 1 0.184529947622901 1 0.0260128925501011 1 2006
"X.96" 0.539194173513838 1 0.186619069226352 1 0.0252941340555415 1 2007
"X.97" 0.54555543462794 1 0.188726368680461 1 0.0245947339790269 1 2008
"X.98" 0.551901859539342 1 0.190851880322644 1 0.0239141983166626 1 2009
"X.99" 0.558231423546706 1 0.192995635576632 1 0.0232520441731139 1 2010
"X.100" 0.564542123733961 1 0.195157662892282 1 0.0226077995954084 1 2011
"X.101" 0.570831981454629 1 0.197337987685615 1 0.0219810034041688 1 2012
"X.102" 0.577099044750304 1 0.199536632279097 1 0.0213712050226702 1 2013
"X.103" 0.583341390697211 1 0.20175361584224 1 0.0207779643040991 1 2014
"X.104" 0.589557127675074 1 0.203988954332545 1 0.0202008513573753 1 2015
"X.105" 0.595744397552885 1 0.206242660436856 1 0.0196394463718623 1 2016
"X.106" 0.601901377786547 1 0.208514743513164 1 0.0190933394412838 1 2017
"X.107" 0.608026283423739 1 0.210805209532906 1 0.0185621303871319 1 2018
"X.108" 0.614117369011765 1 0.213114061023834 1 0.018045428581849 1 2019
"X.109" 0.620172930404579 1 0.215441297013472 1 0.0175428527720252 1 2020
"X.110" 0.626191306465586 1 0.217786912973248 1 0.0170540309018561 1 2021
"X.111" 0.63217088066327 1 0.220150900763327 1 0.0165785999370796 1 2022
"X.112" 0.638110082557154 1 0.222533248578222 1 0.0161162056895918 1 2023
"X.113" 0.644007389172003 1 0.224933940893217 1 0.0156665026429335 1 2024
"X.114" 0.649861326258668 1 0.227352958411678 1 0.0152291537788196 1 2025
"X.115" 0.655670469440384 1 0.229790278013293 1 0.0148038304048752 1 2026
"X.116" 0.661433445243771 1 0.232245872703305 1 0.0143902119837214 1 2027
"X.117" 0.667148932014224 1 0.234719711562792 1 0.0139879859635479 1 2028
"X.118" 0.672815660715786 1 0.237211759700055 1 0.0135968476102954 1 2029
"X.119" 0.678432415616014 1 0.23972197820317 1 0.0132164998415627 1 2030
"X.120" 0.683998034856721 1 0.242250324093758 1 0.0128466530623359 1 2031
"X.121" 0.68951141091187 1 0.244796750282041 1 0.0124870250026357 1 2032
"X.122" 0.694971490934244 1 0.247361205523235 1 0.0121373405571639 1 2033
"X.123" 0.700377276992863 1 0.249943634375334 1 0.011797331627021 1 2034
"X.124" 0.705727826203421 1 0.25254397715836 1 0.0114667369635684 1 2035
"X.125" 0.711022250754341 1 0.255162169915121 1 0.0111453020144818 1 2036
"X.126" 0.716259717831298 1 0.25779814437354 1 0.0108327787720568 1 2037
