"low" "med" "high" "year"
"1" 0.856171922228042 0.975807066130467 1 1910
"2" 0.842224800194555 0.972234204546324 1 1911
"3" 0.828439234121022 0.968726917447042 1 1912
"4" 0.815004938347669 0.965375226718025 1 1913
"5" 0.802184174468885 0.962281265749142 1 1914
"6" 0.790229848191208 0.959533647012905 1 1915
"7" 0.779262776692288 0.957186592456954 1 1916
"8" 0.76936861507523 0.955269402195655 1 1917
"9" 0.760620776604102 0.953743777115387 1 1918
"10" 0.753069171760635 0.952549586357393 1 1919
"11" 0.746727943042062 0.9516174450363 1 1920
"12" 0.741489684483275 0.950892512449851 1 1921
"13" 0.737167027959037 0.950329290615733 1 1922
"14" 0.733366679100271 0.949895859247323 1 1923
"15" 0.729611452516431 0.949541506748497 1 1924
"16" 0.725432167657589 0.949203770444587 1 1925
"17" 0.720478287057181 0.948796332380032 1 1926
"18" 0.714472747163521 0.948223017125868 1 1927
"19" 0.707317430452608 0.947375820623401 1 1928
"20" 0.698992773942784 0.946159781152502 1 1929
"21" 0.689499828004655 0.944490874202879 1 1930
"22" 0.678803009840213 0.942282625216149 1 1931
"23" 0.666851987250002 0.939451856511822 1 1932
"24" 0.653575880064885 0.935933289557484 1 1933
"25" 0.638882794276177 0.931663300730226 1 1934
"26" 0.622699022919433 0.926567002051242 1 1935
"27" 0.605045367816778 0.920575666431625 1 1936
"28" 0.586008746381116 0.913635630817826 1 1937
"29" 0.565862837005912 0.905764747747362 1 1938
"30" 0.544965581602835 0.897075632462213 1 1939
"31" 0.523639341328515 0.887723857447761 1 1940
"32" 0.502396836980196 0.877974568969929 1 1941
"33" 0.481795150930903 0.86811880644948 1 1942
"34" 0.462296166192631 0.858417411699229 1 1943
"35" 0.444060293922725 0.849011433441458 1 1944
"36" 0.426958942127709 0.839930542738539 1 1945
"37" 0.410970994767725 0.83125236925115 1 1946
"38" 0.396154327037384 0.823097610262799 1 1947
"39" 0.382646301450113 0.815662151166079 1 1948
"40" 0.370333797306556 0.809041347920409 1 1949
"41" 0.358843982115231 0.803141846526579 1 1950
"42" 0.347707558866644 0.797740167234534 1 1951
"43" 0.3364712338948 0.792599066093954 1 1952
"44" 0.324861758994889 0.787541862254637 1 1953
"45" 0.312901490342926 0.782480765573007 1 1954
"46" 0.300690732983196 0.777342334670624 1 1955
"47" 0.288357612459242 0.772111715583459 1 1956
"48" 0.276052965019435 0.766789208041216 1 1957
"49" 0.263986337893305 0.761347058957093 1 1958
"50" 0.25236321322617 0.755657504695979 1 1959
"51" 0.241376547513853 0.749541734042417 1 1960
"52" 0.23116253554906 0.742739487425251 1 1961
"53" 0.221808193606073 0.7349626277928 1 1962
"54" 0.213254862514746 0.725910906856478 1 1963
"55" 0.205371053966458 0.715366382416603 1 1964
"56" 0.197994498153518 0.703192544356396 1 1965
"57" 0.190986979860413 0.689324800130929 1 1966
"58" 0.184228238982117 0.673736088056535 1 1967
"59" 0.177613460258128 0.65650555004327 1 1968
"60" 0.170945412878883 0.637843591138044 1 1969
"61" 0.164032606414811 0.618177099500563 1 1970
"62" 0.15686817693072 0.598080638305607 1 1971
"63" 0.149517155350917 0.578132552615673 1 1972
"64" 0.142121076797922 0.558757887275686 1 1973
"65" 0.134746144315559 0.540050612693844 1 1974
"66" 0.127390852048489 0.521828107199403 1 1975
"67" 0.120038920133491 0.503833673745869 1 1976
"68" 0.113056345645485 0.486790678927464 1 1977
"69" 0.106430785344531 0.470658509198119 1 1978
"70" 0.100149666391596 0.455396696100005 1 1979
"71" 0.0942001561306047 0.440964989910048 1 1980
"72" 0.0885692959057096 0.42732373570502 1 1981
"73" 0.0832440903076663 0.41443411485737 1 1982
"74" 0.0782115863380941 0.40225833189658 1 1983
"75" 0.0734589429038675 0.390759755294914 1 1984
"76" 0.0689734911411098 0.379903019688513 1 1985
"77" 0.0647427861309382 0.369654096059578 1 1986
"78" 0.060754650610329 0.359980335502308 1 1987
"79" 0.0569972113043221 0.350850491382876 1 1988
"80" 0.0534589285132231 0.342234723983604 1 1989
"81" 0.0501286195832677 0.334104591090272 1 1990
"82" 0.0469954768739134 0.326433027433343 1 1991
"83" 0.0440490808117837 0.319194315421319 1 1992
"84" 0.0412794085923142 0.312364049199523 1 1993
"85" 0.038676839057051 0.305919093722367 1 1994
"86" 0.0362321542387943 0.299837540234078 1 1995
"87" 0.0339365380295842 0.294098659304878 1 1996
"88" 0.0317815723888808 0.288682852360553 1 1997
"89" 0.0297592314719941 0.283571602467455 1 1998
"90" 0.027861874022495 0.278747424987521 1 1999
"91" 0.026082234337442 0.274193818594458 1 2000
"92" 0.0244134120811445 0.269895217039251 1 2001
"93" 0.0228488611920662 0.265836941967406 1 2002
"94" 0.0213823780984985 0.262005157019159 1 2003
"95" 0.0200080894318753 0.258386823384964 1 2004
"96" 0.0187204394020536 0.254969656940004 1 2005
"97" 0.0175141769765276 0.251742087041571 1 2006
"98" 0.016384342985298 0.248693217040549 1 2007
"99" 0.0153262572548906 0.245812786531741 1 2008
"100" 0.0143355058587015 0.243091135346396 1 2009
"101" 0.0134079285563109 0.240519169273218 1 2010
"102" 0.0125396064815305 0.23808832748059 1 2011
"103" 0.0117268501275953 0.235790551602214 1 2012
"104" 0.0109661876679565 0.233618256440302 1 2013
"105" 0.0102543536424426 0.231564302234436 1 2014
"106" 0.00958827803101896 0.22962196843987 1 2015
"107" 0.00896507573087089 0.227784928956158 1 2016
"108" 0.00838203644695675 0.226047228745176 1 2017
"109" 0.00783661500142504 0.224403261776775 1 2018
"110" 0.00732642206326989 0.222847750240183 1 2019
"111" 0.00684921529622824 0.221375724959797 1 2020
"112" 0.00640289092012162 0.219982506954965 1 2021
"113" 0.00598547567854582 0.218663690084738 1 2022
"114" 0.00559511920394881 0.217415124720189 1 2023
"115" 0.0052300867696548 0.216232902388762 1 2024
"116" 0.00488875241723845 0.215113341337126 1 2025
"117" 0.00456959244678291 0.21405297296112 1 2026
"118" 0.00427117925692822 0.213048529053542 1 2027
"119" 0.00399217552119612 0.212096929822749 1 2028
"120" 0.00373132868683309 0.21119527263726 1 2029
"121" 0.00348746578231644 0.210340821453719 1 2030
"122" 0.00325948851969496 0.209530996887756 1 2031
"123" 0.00304636867806492 0.208763366889371 1 2032
"124" 0.00284714375469453 0.208035637986548 1 2033
"125" 0.00266091287059078 0.207345647062753 1 2034
"126" 0.00248683291763667 0.206691353635909 1 2035
"127" 0.00232411493480331 0.206070832608253 1 2036
"128" 0.00217202070134934 0.205482267458265 1 2037
