"low" "med" "high" "year"
"1" 0.750802648847201 0.970820914099403 1 1910
"2" 0.74395600654971 0.969506287087957 1 1911
"3" 0.737254567084064 0.968461975486467 1 1912
"4" 0.730435256202394 0.967481582971052 1 1913
"5" 0.723133359304296 0.966324911481315 1 1914
"6" 0.714960635295367 0.964835887404071 1 1915
"7" 0.705708672505708 0.963032113344896 1 1916
"8" 0.69545040052839 0.961018420050695 1 1917
"9" 0.685027410391859 0.95901611716498 1 1918
"10" 0.674751602666527 0.957010736897124 1 1919
"11" 0.664345342874755 0.954882913224157 1 1920
"12" 0.653789220419201 0.952728851419939 1 1921
"13" 0.643182216639645 0.950659568467623 1 1922
"14" 0.632666725638805 0.948608752516465 1 1923
"15" 0.622233203330019 0.946474673355845 1 1924
"16" 0.611805087868133 0.9441714222723 1 1925
"17" 0.601420158829798 0.941767467474341 1 1926
"18" 0.591196537963145 0.939362018329488 1 1927
"19" 0.581329944839404 0.936998419669118 1 1928
"20" 0.57160784963828 0.934631561706774 1 1929
"21" 0.561710273893996 0.932154488743683 1 1930
"22" 0.551322370162332 0.929429805009322 1 1931
"23" 0.540259432594691 0.926350672122209 1 1932
"24" 0.52878900357189 0.92295240193108 1 1933
"25" 0.51700614161414 0.919240633051634 1 1934
"26" 0.504791416333131 0.915027095630463 1 1935
"27" 0.492069478477376 0.910291993747549 1 1936
"28" 0.478925706898089 0.905156010581399 1 1937
"29" 0.465912600579542 0.900028160665076 1 1938
"30" 0.453266345983654 0.895165279248003 1 1939
"31" 0.440752229212848 0.890490570856349 1 1940
"32" 0.428106870373378 0.88574415478504 1 1941
"33" 0.415187419623852 0.88066665548069 1 1942
"34" 0.402206091922627 0.875122734644857 1 1943
"35" 0.389184712659757 0.868981960506723 1 1944
"36" 0.375820693863719 0.862009840376281 1 1945
"37" 0.3617883248691 0.854177188956891 1 1946
"38" 0.346899404127716 0.845639523036147 1 1947
"39" 0.331337323462322 0.836923038517456 1 1948
"40" 0.314840279948159 0.82817134805274 1 1949
"41" 0.296932536373436 0.819308305033638 1 1950
"42" 0.277485069356258 0.810226486134695 1 1951
"43" 0.256705122976388 0.800876125860705 1 1952
"44" 0.235651048817113 0.79144680364746 1 1953
"45" 0.215067017551137 0.782123574892867 1 1954
"46" 0.195025495753702 0.772788208258686 1 1955
"47" 0.175479584399072 0.763173896268337 1 1956
"48" 0.156557799815254 0.753124360435365 1 1957
"49" 0.138990351113481 0.742906177403356 1 1958
"50" 0.123289264743238 0.732483037226433 1 1959
"51" 0.10951969539453 0.721572338275516 1 1960
"52" 0.0975482942359118 0.710000535589847 1 1961
"53" 0.0872632344412616 0.697733279643028 1 1962
"54" 0.0787109447614525 0.685101501871276 1 1963
"55" 0.0717745660292734 0.672323833123133 1 1964
"56" 0.0661116803558214 0.659284526501784 1 1965
"57" 0.061403622697131 0.64574586825447 1 1966
"58" 0.0573859777392068 0.631550272759243 1 1967
"59" 0.0539340809161591 0.616883412743072 1 1968
"60" 0.0509407495050285 0.601880622984775 1 1969
"61" 0.048277264379617 0.586505330007635 1 1970
"62" 0.0458565143795161 0.570635123668857 1 1971
"63" 0.0436279755155428 0.55418173602587 1 1972
"64" 0.0416213845187156 0.53728179823387 1 1973
"65" 0.039835140219826 0.520217195894943 1 1974
"66" 0.0382702780678972 0.503130037091103 1 1975
"67" 0.0368395987897885 0.486110293140331 1 1976
"68" 0.035460430635665 0.469241247630936 1 1977
"69" 0.0341310718799345 0.452550302776093 1 1978
"70" 0.0328498515239523 0.436064105760002 1 1979
"71" 0.0316151516707399 0.419808158719539 1 1980
"72" 0.0304253995175761 0.403806642767161 1 1981
"73" 0.0292790668084031 0.388082256885656 1 1982
"74" 0.0281746692309887 0.372656079664737 1 1983
"75" 0.0271107657652886 0.357547455137618 1 1984
"76" 0.0260859579890225 0.34277390340294 1 1985
"77" 0.0250988893460665 0.328351056159968 1 1986
"78" 0.0241482443828678 0.314292616760537 1 1987
"79" 0.0232327479577128 0.30061034390435 1 1988
"80" 0.0223511644273176 0.287314057686788 1 1989
"81" 0.021502296814867 0.274411666358431 1 1990
"82" 0.0206849859633046 0.261909211877905 1 1991
"83" 0.0198981096773679 0.24981093213594 1 1992
"84" 0.0191405818575704 0.238119337597196 1 1993
"85" 0.0184113516290602 0.226835300043553 1 1994
"86" 0.0177094024680241 0.215958151102123 1 1995
"87" 0.0170337513280654 0.205485788295754 1 1996
"88" 0.0163834477687554 0.195414786454885 1 1997
"89" 0.0157575730883445 0.185740512468202 1 1998
"90" 0.0151552394624216 0.176457241516924 1 1999
"91" 0.0145755890901243 0.167558273124963 1 2000
"92" 0.0140177933493278 0.159036045556777 1 2001
"93" 0.0134810519620836 0.150882247299351 1 2002
"94" 0.0129645921714248 0.143087924568245 1 2003
"95" 0.0124676679305225 0.135643583974949 1 2004
"96" 0.011989559105045 0.128539289679799 1 2005
"97" 0.0115295706894574 0.121764754528408 1 2006
"98" 0.0110870320378876 0.115309424827769 1 2007
"99" 0.0106612961100886 0.109162558559644 1 2008
"100" 0.0102517387329311 0.103313296952918 1 2009
"101" 0.0098577578777797 0.0977507294432964 1 2010
"102" 0.00947877295402798 0.0924639521386018 1 2011
"103" 0.0091142241189985 0.0874421199816926 1 2012
"104" 0.00876357160434867 0.0826744928620119 1 2013
"105" 0.0084262950590678 0.0781504759720859 1 2014
"106" 0.00810189290909656 0.0738596547384816 1 2015
"107" 0.00778988173355408 0.0697918246791685 1 2016
"108" 0.00748979565751491 0.0659370165523787 1 2017
"109" 0.00720118576124027 0.0622855171673001 1 2018
"110" 0.0069236195057339 0.0588278862255665 1 2019
"111" 0.00665668017446285 0.055554969555744 1 2020
"112" 0.00639996633105661 0.0524579090919379 1 2021
"113" 0.00615309129277459 0.0495281499332378 1 2022
"114" 0.00591568261951133 0.0467574448038388 1 2023
"115" 0.00568738161809101 0.044137856215071 1 2024
"116" 0.00546784286158746 0.0416617566108554 1 2025
"117" 0.00525673372339278 0.0393218267578362 1 2026
"118" 0.00505373392574672 0.0371110526210316 1 2027
"119" 0.00485853510242991 0.0350227209456697 1 2028
"120" 0.00467084037531652 0.0330504137462024 1 2029
"121" 0.00449036394447658 0.0311880018845381 1 2030
"122" 0.00431683069151331 0.0294296379014631 1 2031
"123" 0.0041499757958184 0.0277697482481383 1 2032
"124" 0.00398954436342578 0.0262030250485469 1 2033
"125" 0.00383529106814415 0.0247244175088506 1 2034
"126" 0.00368697980464831 0.0233291230758205 1 2035
"127" 0.00354438335321065 0.0220125784338169 1 2036
"128" 0.00340728305575584 0.0207704504181848 1 2037
