"inactive_low" "active_low" "inactive_med" "active_med" "inactive_high" "active_high" "year"
"1" 0.846878613768079 1 0.746427522131229 1 0.465268004206655 1 1910
"2" 0.84698867756689 1 0.744790771150545 1 0.463777047097488 1 1911
"3" 0.847098676535519 1 0.743147090790311 1 0.462286737281318 1 1912
"4" 0.84720861069162 1 0.741496498537647 1 0.460797101090924 1 1913
"5" 0.847318480052871 1 0.739839012543886 1 0.459308164811093 1 1914
"6" 0.847428284636977 1 0.738174651627759 1 0.457819954676788 1 1915
"7" 0.847538024461668 1 0.736503435278472 1 0.456332496871309 1 1916
"8" 0.8476476995447 1 0.734825383658676 1 0.454845817524476 1 1917
"9" 0.847757309903854 1 0.733140517607336 1 0.453359942710815 1 1918
"10" 0.84786685555694 1 0.731448858642485 1 0.451874898447747 1 1919
"11" 0.847976336521788 1 0.729750428963858 1 0.450390710693793 1 1920
"12" 0.848085752816259 1 0.728045251455428 1 0.448907405346786 1 1921
"13" 0.848195104458236 1 0.726333349687809 1 0.447425008242088 1 1922
"14" 0.848304391465628 1 0.724614747920552 1 0.445943545150823 1 1923
"15" 0.848413613856371 1 0.722889471104313 1 0.444463041778115 1 1924
"16" 0.848522759804873 1 0.721156395160766 1 0.44298352226443 1 1925
"17" 0.848667976251555 1 0.719415324116495 1 0.441504997715471 1 1926
"18" 0.84876333053462 1 0.717617286964928 1 0.440012559894697 1 1927
"19" 0.848726043828884 1 0.715647936352378 1 0.438331993761492 1 1928
"20" 0.84849294128904 1 0.71345758260434 1 0.43624962436378 1 1929
"21" 0.848030775188859 1 0.711051369669921 1 0.433588096469231 1 1930
"22" 0.847308114997507 1 0.708469257806908 1 0.430137315549238 1 1931
"23" 0.846309918563335 1 0.705811103517778 1 0.425841428778025 1 1932
"24" 0.845018737479378 1 0.703167203108261 1 0.420631922067223 1 1933
"25" 0.843416515599338 1 0.700586149627768 1 0.414387161019936 1 1934
"26" 0.841470162234911 1 0.698061421089106 1 0.407239904784644 1 1935
"27" 0.839134879045476 1 0.695549216287784 1 0.39949288915505 1 1936
"28" 0.836349052081467 1 0.692986449545964 1 0.391305754931369 1 1937
"29" 0.833022834738752 1 0.690268588133528 1 0.382791864534509 1 1938
"30" 0.829047792186055 1 0.687238070930759 1 0.374054660613958 1 1939
"31" 0.824307583741731 1 0.683742572113069 1 0.365177201587865 1 1940
"32" 0.818704318647996 1 0.679599401445683 1 0.356212187455619 1 1941
"33" 0.812149261836951 1 0.674622201740738 1 0.347172299969236 1 1942
"34" 0.804567133529318 1 0.668615804284517 1 0.338014539813311 1 1943
"35" 0.795893571907876 1 0.661403307551791 1 0.328662892060286 1 1944
"36" 0.786098753621697 1 0.652868814473489 1 0.31918192910541 1 1945
"37" 0.775208463229861 1 0.642945346329694 1 0.309661088390019 1 1946
"38" 0.763318344637395 1 0.631635733713049 1 0.300153302199101 1 1947
"39" 0.750563536792481 1 0.618994848428239 1 0.290712141229031 1 1948
"40" 0.737071161724519 1 0.605093918217868 1 0.281407861003423 1 1949
"41" 0.722951389316815 1 0.590033171093709 1 0.272317427002863 1 1950
"42" 0.708325113769094 1 0.573954886134048 1 0.263509610500818 1 1951
"43" 0.693322523650519 1 0.557032083860592 1 0.25505142783954 1 1952
"44" 0.678094045983638 1 0.539522570388042 1 0.247012403727449 1 1953
"45" 0.662787002506668 1 0.521697062737158 1 0.239456430044482 1 1954
"46" 0.647542465579441 1 0.50380888561435 1 0.232421835943786 1 1955
"47" 0.632515912929973 1 0.486126816653568 1 0.225940898824745 1 1956
"48" 0.617890364133717 1 0.468956834453519 1 0.220070618879975 1 1957
"49" 0.60386138062969 1 0.452593229688194 1 0.214854044422309 1 1958
"50" 0.590580894301966 1 0.437243705547546 1 0.210274081981854 1 1959
"51" 0.578122573652087 1 0.423037863568037 1 0.206286833318857 1 1960
"52" 0.566544883644628 1 0.410041832575456 1 0.202829899857226 1 1961
"53" 0.555916578396886 1 0.398284619294943 1 0.19982709074998 1 1962
"54" 0.546290755209602 1 0.387743474335423 1 0.197179294181971 1 1963
"55" 0.537648437867983 1 0.3783295270642 1 0.194759583988909 1 1964
"56" 0.529935965597374 1 0.369898486793439 1 0.192425659827399 1 1965
"57" 0.523085919991506 1 0.362275263474406 1 0.190042230928909 1 1966
"58" 0.517029037556774 1 0.355280756913671 1 0.187505964029633 1 1967
"59" 0.511709352744959 1 0.348751028458377 1 0.184746597152955 1 1968
"60" 0.507104692917804 1 0.342563528822472 1 0.181719497728053 1 1969
"61" 0.503162510243593 1 0.336626421730509 1 0.1783916890788 1 1970
"62" 0.499826787006742 1 0.330862165294364 1 0.17474687013345 1 1971
"63" 0.49702522888913 1 0.325212382214435 1 0.170802368582697 1 1972
"64" 0.494623044492059 1 0.319633358292904 1 0.166604861460484 1 1973
"65" 0.492427402925797 1 0.314086515713482 1 0.162220614014685 1 1974
"66" 0.490276283056869 1 0.308552616999289 1 0.15773441062134 1 1975
"67" 0.488114285450814 1 0.30302407037272 1 0.153204323508699 1 1976
"68" 0.48595035432437 1 0.297554994191937 1 0.148938989379977 1 1977
"69" 0.483786950949782 1 0.292143246490388 1 0.144920599956986 1 1978
"70" 0.481624155100808 1 0.286789739785287 1 0.141132713743948 1 1979
"71" 0.479462047614177 1 0.2814953229974 1 0.137560051943118 1 1980
"72" 0.477300709223544 1 0.276260786828619 1 0.134188444281728 1 1981
"73" 0.475140220547462 1 0.271086864094989 1 0.131004749026675 1 1982
"74" 0.472980662077387 1 0.265974230158394 1 0.127996777542496 1 1983
"75" 0.470822114165727 1 0.260923503452691 1 0.125153223473518 1 1984
"76" 0.468664657013928 1 0.255935246099839 1 0.122463596527406 1 1985
"77" 0.466508370660619 1 0.251009964611494 1 0.11991816076168 1 1986
"78" 0.464353334969794 1 0.246148110671361 1 0.117507877221051 1 1987
"79" 0.462199629619065 1 0.241350081993558 1 0.115224350736946 1 1988
"80" 0.460047334087961 1 0.236616223252125 1 0.113059780677294 1 1989
"81" 0.457896527646297 1 0.231946827076819 1 0.111006915421563 1 1990
"82" 0.455747289342605 1 0.227342135110272 1 0.109059010330598 1 1991
"83" 0.453599697992637 1 0.222802339121622 1 0.107209788981065 1 1992
"84" 0.451453832167944 1 0.218327582171729 1 0.105453407438718 1 1993
"85" 0.44930977018452 1 0.213917959825133 1 0.103784421352066 1 1994
"86" 0.447167590091543 1 0.209573521403982 1 0.102197755657395 1 1995
"87" 0.445027369660185 1 0.205294271279224 1 0.100688676696696 1 1996
"88" 0.442889186372516 1 0.201080170194443 1 0.0992527665614982 1 1997
"89" 0.440753117410496 1 0.196931136617846 1 0.0978858994872254 1 1998
"90" 0.438619239645064 1 0.192847048118016 1 0.09658422013446 1 1999
"91" 0.436487629625313 1 0.188827742759158 1 0.0953441236049537 1 2000
"92" 0.43435836356778 1 0.184873020511755 1 0.0941622370513726 1 2001
"93" 0.432231517345827 1 0.180982644674646 1 0.093035402750393 1 2002
"94" 0.43010716647913 1 0.177156343304732 1 0.09196066251888 1 2003
"95" 0.427985386123281 1 0.173393810650674 1 0.0909352433623862 1 2004
"96" 0.4258662510595 1 0.169694708587103 1 0.0899565442541284 1 2005
"97" 0.423749835684457 1 0.166058668046049 1 0.0890221239509086 1 2006
"98" 0.421636214000219 1 0.162485290442467 1 0.0881296897601587 1 2007
"99" 0.419525459604308 1 0.158974149090928 1 0.0872770871794404 1 2008
"100" 0.417417645679896 1 0.155524790610687 1 0.0864622903363226 1 2009
"101" 0.415312844986106 1 0.152136736316577 1 0.0856833931626353 1 2010
"102" 0.413211129848462 1 0.14880948359329 1 0.0849386012426883 1 2011
"103" 0.41111257214945 1 0.145542507250852 1 0.0842262242801679 1 2012
"104" 0.409017243319227 1 0.142335260859204 1 0.0835446691331296 1 2013
"105" 0.406925214326461 1 0.139187178060033 1 0.0828924333708101 1 2014
"106" 0.404836555669299 1 0.136097673854125 1 0.0822680993099261 1 2015
"107" 0.402751337366493 1 0.133066145862696 1 0.0816703284917195 1 2016
"108" 0.40066962894865 1 0.13009197556131 1 0.0810978565643223 1 2017
"109" 0.398591499449642 1 0.127174529485139 1 0.080549488537998 1 2018
"110" 0.396517017398144 1 0.124313160404498 1 0.0800240943835826 1 2019
"111" 0.394446250809342 1 0.121507208469687 1 0.0795206049469463 1 2020
"112" 0.392379267176769 1 0.11875600232435 1 0.0790380081545949 1 2021
"113" 0.390316133464312 1 0.116058860186681 1 0.0785753454876037 1 2022
"114" 0.388256916098356 1 0.113415090897907 1 0.0781317087030033 1 2023
"115" 0.386201680960094 1 0.110823994937645 1 0.0777062367834667 1 2024
"116" 0.384150493377991 1 0.108284865405796 1 0.0772981130977368 1 2025
"117" 0.382103418120405 1 0.105796988970781 1 0.0769065627556884 1 2026
"118" 0.380060519388365 1 0.103359646783999 1 0.0765308501432411 1 2027
"119" 0.378021860808517 1 0.100972115360503 1 0.0761702766235555 1 2028
"120" 0.375987505426226 1 0.0986336674259483 1 0.0758241783920379 1 2029
"121" 0.373957515698844 1 0.0963435727299977 1 0.07549192447371 1 2030
"122" 0.371931953489144 1 0.0941010988263788 1 0.075172914852403 1 2031
"123" 0.369910880058912 1 0.091905511819921 1 0.0748665787220948 1 2032
"124" 0.367894356062719 1 0.0897560770809203 1 0.0745723728514811 1 2033
"125" 0.365882441541848 1 0.0876520599272641 1 0.0742897800535625 1 2034
"126" 0.363875195918394 1 0.0855927262747882 1 0.0740183077527061 1 2035
"127" 0.361872677989535 1 0.0835773432563895 1 0.0737574866422044 1 2036
"128" 0.359874945921969 1 0.0816051798104658 1 0.073506869425918 1 2037
