Ireland, Period fertility rates by calendar year and age (Lexis squares, age in completed years (ACY))
Last modified: 20/06/2016
Year    Age        ASFR
1955     12-    0.00000
1955     13     0.00000
1955     14     0.00000
1955     15     0.00000
1955     16     0.00000
1955     17     0.00012
1955     18     0.00632
1955     19     0.04908
1955     20     0.05417
1955     21     0.07125
1955     22     0.08304
1955     23     0.09618
1955     24     0.12356
1955     25     0.15307
1955     26     0.16751
1955     27     0.17947
1955     28     0.19115
1955     29     0.20447
1955     30     0.20634
1955     31     0.19615
1955     32     0.18982
1955     33     0.18775
1955     34     0.18845
1955     35     0.17687
1955     36     0.15733
1955     37     0.14195
1955     38     0.12782
1955     39     0.11243
1955     40     0.09211
1955     41     0.07097
1955     42     0.05204
1955     43     0.03536
1955     44     0.02173
1955     45     0.01392
1955     46     0.00486
1955     47     0.00084
1955     48     0.00012
1955     49     0.00002
1955     50     0.00000
1955     51     0.00000
1955     52     0.00000
1955     53     0.00000
1955     54     0.00000
1955     55+    0.00000
1956     12-    0.00000
1956     13     0.00000
1956     14     0.00000
1956     15     0.00000
1956     16     0.00000
1956     17     0.00011
1956     18     0.00605
1956     19     0.04738
1956     20     0.05360
1956     21     0.07182
1956     22     0.08490
1956     23     0.09904
1956     24     0.12706
1956     25     0.15737
1956     26     0.17209
1956     27     0.18374
1956     28     0.19454
1956     29     0.20650
1956     30     0.20597
1956     31     0.19372
1956     32     0.18669
1956     33     0.18521
1956     34     0.18750
1956     35     0.17727
1956     36     0.15880
1956     37     0.14328
1956     38     0.12822
1956     39     0.11162
1956     40     0.09131
1956     41     0.06982
1956     42     0.05085
1956     43     0.03435
1956     44     0.02101
1956     45     0.01294
1956     46     0.00453
1956     47     0.00079
1956     48     0.00011
1956     49     0.00002
1956     50     0.00000
1956     51     0.00000
1956     52     0.00000
1956     53     0.00000
1956     54     0.00000
1956     55+    0.00000
1957     12-    0.00000
1957     13     0.00000
1957     14     0.00000
1957     15     0.00000
1957     16     0.00000
1957     17     0.00012
1957     18     0.00620
1957     19     0.04864
1957     20     0.05411
1957     21     0.07315
1957     22     0.08702
1957     23     0.10166
1957     24     0.12984
1957     25     0.16022
1957     26     0.17418
1957     27     0.18553
1957     28     0.19706
1957     29     0.21114
1957     30     0.21339
1957     31     0.20286
1957     32     0.19613
1957     33     0.19363
1957     34     0.19388
1957     35     0.18044
1957     36     0.15995
1957     37     0.14462
1957     38     0.13106
1957     39     0.11623
1957     40     0.09758
1957     41     0.07560
1957     42     0.05506
1957     43     0.03688
1957     44     0.02228
1957     45     0.01349
1957     46     0.00470
1957     47     0.00081
1957     48     0.00012
1957     49     0.00002
1957     50     0.00000
1957     51     0.00000
1957     52     0.00000
1957     53     0.00000
1957     54     0.00000
1957     55+    0.00000
1958     12-    0.00000
1958     13     0.00000
1958     14     0.00000
1958     15     0.00000
1958     16     0.00000
1958     17     0.00010
1958     18     0.00529
1958     19     0.04215
1958     20     0.04951
1958     21     0.07059
1958     22     0.08761
1958     23     0.10473
1958     24     0.13364
1958     25     0.16396
1958     26     0.17772
1958     27     0.18841
1958     28     0.19937
1958     29     0.21345
1958     30     0.21506
1958     31     0.20304
1958     32     0.19554
1958     33     0.19293
1958     34     0.19353
1958     35     0.18193
1958     36     0.16178
1958     37     0.14479
1958     38     0.12862
1958     39     0.11135
1958     40     0.09076
1958     41     0.06916
1958     42     0.05110
1958     43     0.03542
1958     44     0.02233
1958     45     0.01458
1958     46     0.00515
1958     47     0.00088
1958     48     0.00012
1958     49     0.00002
1958     50     0.00000
1958     51     0.00000
1958     52     0.00000
1958     53     0.00000
1958     54     0.00000
1958     55+    0.00000
1959     12-    0.00000
1959     13     0.00000
1959     14     0.00000
1959     15     0.00000
1959     16     0.00000
1959     17     0.00011
1959     18     0.00565
1959     19     0.04555
1959     20     0.05241
1959     21     0.07627
1959     22     0.09601
1959     23     0.11508
1959     24     0.14511
1959     25     0.17512
1959     26     0.18747
1959     27     0.19645
1959     28     0.20607
1959     29     0.21965
1959     30     0.22011
1959     31     0.20622
1959     32     0.19828
1959     33     0.19653
1959     34     0.19891
1959     35     0.18991
1959     36     0.17038
1959     37     0.15260
1959     38     0.13470
1959     39     0.11533
1959     40     0.09226
1959     41     0.06977
1959     42     0.05121
1959     43     0.03530
1959     44     0.02215
1959     45     0.01484
1959     46     0.00526
1959     47     0.00091
1959     48     0.00013
1959     49     0.00002
1959     50     0.00000
1959     51     0.00000
1959     52     0.00000
1959     53     0.00000
1959     54     0.00000
1959     55+    0.00000
1960     12-    0.00000
1960     13     0.00000
1960     14     0.00000
1960     15     0.00000
1960     16     0.00000
1960     17     0.00012
1960     18     0.00621
1960     19     0.05038
1960     20     0.05520
1960     21     0.08131
1960     22     0.10325
1960     23     0.12409
1960     24     0.15573
1960     25     0.18583
1960     26     0.19767
1960     27     0.20604
1960     28     0.21554
1960     29     0.22984
1960     30     0.23096
1960     31     0.21659
1960     32     0.20770
1960     33     0.20452
1960     34     0.20509
1960     35     0.19342
1960     36     0.17176
1960     37     0.15415
1960     38     0.13761
1960     39     0.11972
1960     40     0.09658
1960     41     0.07381
1960     42     0.05356
1960     43     0.03600
1960     44     0.02191
1960     45     0.01454
1960     46     0.00512
1960     47     0.00090
1960     48     0.00013
1960     49     0.00002
1960     50     0.00000
1960     51     0.00000
1960     52     0.00000
1960     53     0.00000
1960     54     0.00000
1960     55+    0.00000
1961     12-    0.00000
1961     13     0.00000
1961     14     0.00000
1961     15     0.00000
1961     16     0.00000
1961     17     0.00012
1961     18     0.00632
1961     19     0.05161
1961     20     0.05706
1961     21     0.08456
1961     22     0.10784
1961     23     0.12995
1961     24     0.16316
1961     25     0.19409
1961     26     0.20667
1961     27     0.21475
1961     28     0.22274
1961     29     0.23426
1961     30     0.23195
1961     31     0.21492
1961     32     0.20432
1961     33     0.20037
1961     34     0.20097
1961     35     0.18932
1961     36     0.16787
1961     37     0.15136
1961     38     0.13640
1961     39     0.12007
1961     40     0.09752
1961     41     0.07534
1961     42     0.05467
1961     43     0.03650
1961     44     0.02200
1961     45     0.01463
1961     46     0.00514
1961     47     0.00091
1961     48     0.00013
1961     49     0.00002
1961     50     0.00000
1961     51     0.00000
1961     52     0.00000
1961     53     0.00000
1961     54     0.00000
1961     55+    0.00000
1962     12-    0.00000
1962     13     0.00000
1962     14     0.00000
1962     15     0.00000
1962     16     0.00000
1962     17     0.00013
1962     18     0.00702
1962     19     0.05705
1962     20     0.06404
1962     21     0.09259
1962     22     0.11568
1962     23     0.13764
1962     24     0.17239
1962     25     0.20427
1962     26     0.21711
1962     27     0.22520
1962     28     0.23287
1962     29     0.24365
1962     30     0.23977
1962     31     0.22137
1962     32     0.21007
1962     33     0.20594
1962     34     0.20673
1962     35     0.19537
1962     36     0.17366
1962     37     0.15632
1962     38     0.14020
1962     39     0.12270
1962     40     0.09894
1962     41     0.07626
1962     42     0.05579
1962     43     0.03779
1962     44     0.02317
1962     45     0.01589
1962     46     0.00561
1962     47     0.00098
1962     48     0.00014
1962     49     0.00002
1962     50     0.00000
1962     51     0.00000
1962     52     0.00000
1962     53     0.00000
1962     54     0.00000
1962     55+    0.00000
1963     12-    0.00000
1963     13     0.00000
1963     14     0.00000
1963     15     0.00000
1963     16     0.00000
1963     17     0.00014
1963     18     0.00747
1963     19     0.06064
1963     20     0.06911
1963     21     0.09852
1963     22     0.12164
1963     23     0.14364
1963     24     0.17957
1963     25     0.21112
1963     26     0.22341
1963     27     0.23139
1963     28     0.23971
1963     29     0.25195
1963     30     0.24951
1963     31     0.23163
1963     32     0.21963
1963     33     0.21359
1963     34     0.21142
1963     35     0.19557
1963     36     0.17097
1963     37     0.15377
1963     38     0.13935
1963     39     0.12369
1963     40     0.10350
1963     41     0.08001
1963     42     0.05603
1963     43     0.03538
1963     44     0.02007
1963     45     0.01272
1963     46     0.00446
1963     47     0.00083
1963     48     0.00013
1963     49     0.00002
1963     50     0.00000
1963     51     0.00000
1963     52     0.00000
1963     53     0.00000
1963     54     0.00000
1963     55+    0.00000
1964     12-    0.00000
1964     13     0.00000
1964     14     0.00000
1964     15     0.00000
1964     16     0.00000
1964     17     0.00015
1964     18     0.00791
1964     19     0.06401
1964     20     0.07285
1964     21     0.10198
1964     22     0.12419
1964     23     0.14596
1964     24     0.18367
1964     25     0.21737
1964     26     0.23183
1964     27     0.24085
1964     28     0.24836
1964     29     0.25758
1964     30     0.25143
1964     31     0.23115
1964     32     0.21765
1964     33     0.21095
1964     34     0.20885
1964     35     0.19312
1964     36     0.16873
1964     37     0.15210
1964     38     0.13851
1964     39     0.12378
1964     40     0.10518
1964     41     0.08199
1964     42     0.05796
1964     43     0.03694
1964     44     0.02114
1964     45     0.01316
1964     46     0.00462
1964     47     0.00085
1964     48     0.00013
1964     49     0.00002
1964     50     0.00000
1964     51     0.00000
1964     52     0.00000
1964     53     0.00000
1964     54     0.00000
1964     55+    0.00000
1965     12-    0.00000
1965     13     0.00000
1965     14     0.00000
1965     15     0.00000
1965     16     0.00000
1965     17     0.00015
1965     18     0.00849
1965     19     0.06867
1965     20     0.07660
1965     21     0.10556
1965     22     0.12680
1965     23     0.14749
1965     24     0.18445
1965     25     0.21650
1965     26     0.22928
1965     27     0.23716
1965     28     0.24419
1965     29     0.25352
1965     30     0.24785
1965     31     0.22809
1965     32     0.21495
1965     33     0.20832
1965     34     0.20597
1965     35     0.19147
1965     36     0.16794
1965     37     0.15028
1965     38     0.13480
1965     39     0.11843
1965     40     0.09803
1965     41     0.07576
1965     42     0.05511
1965     43     0.03694
1965     44     0.02240
1965     45     0.01449
1965     46     0.00515
1965     47     0.00092
1965     48     0.00014
1965     49     0.00002
1965     50     0.00000
1965     51     0.00000
1965     52     0.00000
1965     53     0.00000
1965     54     0.00000
1965     55+    0.00000
1966     12-    0.00000
1966     13     0.00000
1966     14     0.00000
1966     15     0.00000
1966     16     0.00000
1966     17     0.00015
1966     18     0.00813
1966     19     0.06634
1966     20     0.07619
1966     21     0.10641
1966     22     0.12895
1966     23     0.15018
1966     24     0.18634
1966     25     0.21673
1966     26     0.22762
1966     27     0.23345
1966     28     0.23858
1966     29     0.24630
1966     30     0.23924
1966     31     0.21876
1966     32     0.20540
1966     33     0.19892
1966     34     0.19698
1966     35     0.18403
1966     36     0.16188
1966     37     0.14472
1966     38     0.12935
1966     39     0.11313
1966     40     0.09291
1966     41     0.07176
1966     42     0.05278
1966     43     0.03603
1966     44     0.02231
1966     45     0.01470
1966     46     0.00526
1966     47     0.00093
1966     48     0.00014
1966     49     0.00002
1966     50     0.00000
1966     51     0.00000
1966     52     0.00000
1966     53     0.00000
1966     54     0.00000
1966     55+    0.00000
1967     12-    0.00000
1967     13     0.00000
1967     14     0.00000
1967     15     0.00000
1967     16     0.00000
1967     17     0.00015
1967     18     0.00851
1967     19     0.06916
1967     20     0.07853
1967     21     0.10741
1967     22     0.12785
1967     23     0.14692
1967     24     0.18087
1967     25     0.20983
1967     26     0.21843
1967     27     0.22318
1967     28     0.22856
1967     29     0.23772
1967     30     0.23305
1967     31     0.21487
1967     32     0.20249
1967     33     0.19568
1967     34     0.19241
1967     35     0.17838
1967     36     0.15640
1967     37     0.13936
1967     38     0.12422
1967     39     0.10848
1967     40     0.08878
1967     41     0.06852
1967     42     0.05083
1967     43     0.03518
1967     44     0.02212
1967     45     0.01493
1967     46     0.00536
1967     47     0.00094
1967     48     0.00014
1967     49     0.00002
1967     50     0.00000
1967     51     0.00000
1967     52     0.00000
1967     53     0.00000
1967     54     0.00000
1967     55+    0.00000
1968     12-    0.00000
1968     13     0.00000
1968     14     0.00000
1968     15     0.00000
1968     16     0.00000
1968     17     0.00014
1968     18     0.00812
1968     19     0.06676
1968     20     0.07873
1968     21     0.10935
1968     22     0.13155
1968     23     0.15171
1968     24     0.18585
1968     25     0.21443
1968     26     0.22202
1968     27     0.22497
1968     28     0.22784
1968     29     0.23388
1968     30     0.22551
1968     31     0.20478
1968     32     0.19158
1968     33     0.18535
1968     34     0.18360
1968     35     0.17186
1968     36     0.15163
1968     37     0.13467
1968     38     0.11869
1968     39     0.10201
1968     40     0.08241
1968     41     0.06293
1968     42     0.04645
1968     43     0.03214
1968     44     0.02026
1968     45     0.01397
1968     46     0.00506
1968     47     0.00090
1968     48     0.00013
1968     49     0.00002
1968     50     0.00000
1968     51     0.00000
1968     52     0.00000
1968     53     0.00000
1968     54     0.00000
1968     55+    0.00000
1969     12-    0.00000
1969     13     0.00000
1969     14     0.00000
1969     15     0.00000
1969     16     0.00000
1969     17     0.00016
1969     18     0.00901
1969     19     0.07393
1969     20     0.08359
1969     21     0.11415
1969     22     0.13543
1969     23     0.15495
1969     24     0.18975
1969     25     0.22031
1969     26     0.22792
1969     27     0.23061
1969     28     0.23281
1969     29     0.23765
1969     30     0.22782
1969     31     0.20618
1969     32     0.19221
1969     33     0.18529
1969     34     0.18288
1969     35     0.17103
1969     36     0.15067
1969     37     0.13343
1969     38     0.11722
1969     39     0.10051
1969     40     0.08081
1969     41     0.06173
1969     42     0.04621
1969     43     0.03269
1969     44     0.02114
1969     45     0.01534
1969     46     0.00560
1969     47     0.00099
1969     48     0.00014
1969     49     0.00002
1969     50     0.00000
1969     51     0.00000
1969     52     0.00000
1969     53     0.00000
1969     54     0.00000
1969     55+    0.00000
1970     12-    0.00000
1970     13     0.00000
1970     14     0.00000
1970     15     0.00000
1970     16     0.00000
1970     17     0.00016
1970     18     0.00963
1970     19     0.07960
1970     20     0.08866
1970     21     0.12168
1970     22     0.14442
1970     23     0.16391
1970     24     0.19706
1970     25     0.22446
1970     26     0.22748
1970     27     0.22719
1970     28     0.22889
1970     29     0.23589
1970     30     0.22864
1970     31     0.20807
1970     32     0.19457
1970     33     0.18736
1970     34     0.18390
1970     35     0.17091
1970     36     0.14996
1970     37     0.13204
1970     38     0.11509
1970     39     0.09770
1970     40     0.07800
1970     41     0.05897
1970     42     0.04315
1970     43     0.02965
1970     44     0.01861
1970     45     0.01306
1970     46     0.00478
1970     47     0.00088
1970     48     0.00013
1970     49     0.00002
1970     50     0.00000
1970     51     0.00000
1970     52     0.00000
1970     53     0.00000
1970     54     0.00000
1970     55+    0.00000
1971     12-    0.00000
1971     13     0.00000
1971     14     0.00000
1971     15     0.00000
1971     16     0.00000
1971     17     0.00018
1971     18     0.01107
1971     19     0.09101
1971     20     0.09727
1971     21     0.12938
1971     22     0.14989
1971     23     0.16834
1971     24     0.20366
1971     25     0.23515
1971     26     0.23986
1971     27     0.23986
1971     28     0.23984
1971     29     0.24287
1971     30     0.23126
1971     31     0.20797
1971     32     0.19278
1971     33     0.18472
1971     34     0.18110
1971     35     0.16698
1971     36     0.14580
1971     37     0.12930
1971     38     0.11444
1971     39     0.09895
1971     40     0.08126
1971     41     0.06222
1971     42     0.04464
1971     43     0.02950
1971     44     0.01768
1971     45     0.01174
1971     46     0.00426
1971     47     0.00080
1971     48     0.00013
1971     49     0.00002
1971     50     0.00000
1971     51     0.00000
1971     52     0.00000
1971     53     0.00000
1971     54     0.00000
1971     55+    0.00000
1972     12-    0.00000
1972     13     0.00000
1972     14     0.00000
1972     15     0.00000
1972     16     0.00000
1972     17     0.00020
1972     18     0.01215
1972     19     0.09919
1972     20     0.10282
1972     21     0.13225
1972     22     0.14918
1972     23     0.16506
1972     24     0.19948
1972     25     0.23089
1972     26     0.23523
1972     27     0.23494
1972     28     0.23421
1972     29     0.23577
1972     30     0.22282
1972     31     0.19957
1972     32     0.18484
1972     33     0.17748
1972     34     0.17466
1972     35     0.16241
1972     36     0.14266
1972     37     0.12606
1972     38     0.11040
1972     39     0.09416
1972     40     0.07595
1972     41     0.05772
1972     42     0.04187
1972     43     0.02829
1972     44     0.01741
1972     45     0.01194
1972     46     0.00438
1972     47     0.00082
1972     48     0.00013
1972     49     0.00002
1972     50     0.00000
1972     51     0.00000
1972     52     0.00000
1972     53     0.00000
1972     54     0.00000
1972     55+    0.00000
1973     12-    0.00000
1973     13     0.00000
1973     14     0.00000
1973     15     0.00000
1973     16     0.00000
1973     17     0.00020
1973     18     0.01277
1973     19     0.10345
1973     20     0.10405
1973     21     0.13039
1973     22     0.14415
1973     23     0.15786
1973     24     0.19097
1973     25     0.22139
1973     26     0.22521
1973     27     0.22527
1973     28     0.22546
1973     29     0.22818
1973     30     0.21704
1973     31     0.19591
1973     32     0.18144
1973     33     0.17272
1973     34     0.16742
1973     35     0.15257
1973     36     0.13194
1973     37     0.11663
1973     38     0.10337
1973     39     0.08965
1973     40     0.07432
1973     41     0.05688
1973     42     0.04008
1973     43     0.02577
1973     44     0.01500
1973     45     0.00970
1973     46     0.00353
1973     47     0.00069
1973     48     0.00011
1973     49     0.00002
1973     50     0.00000
1973     51     0.00000
1973     52     0.00000
1973     53     0.00000
1973     54     0.00000
1973     55+    0.00000
1974     12-    0.00000
1974     13     0.00000
1974     14     0.00000
1974     15     0.00000
1974     16     0.00000
1974     17     0.00020
1974     18     0.01318
1974     19     0.10605
1974     20     0.10292
1974     21     0.12647
1974     22     0.13783
1974     23     0.15014
1974     24     0.18252
1974     25     0.21331
1974     26     0.21816
1974     27     0.21889
1974     28     0.21882
1974     29     0.22011
1974     30     0.20764
1974     31     0.18679
1974     32     0.17280
1974     33     0.16472
1974     34     0.16023
1974     35     0.14676
1974     36     0.12740
1974     37     0.11281
1974     38     0.10001
1974     39     0.08674
1974     40     0.07177
1974     41     0.05507
1974     42     0.03926
1974     43     0.02565
1974     44     0.01518
1974     45     0.00991
1974     46     0.00361
1974     47     0.00069
1974     48     0.00011
1974     49     0.00002
1974     50     0.00000
1974     51     0.00000
1974     52     0.00000
1974     53     0.00000
1974     54     0.00000
1974     55+    0.00000
1975     12-    0.00000
1975     13     0.00000
1975     14     0.00000
1975     15     0.00000
1975     16     0.00000
1975     17     0.00021
1975     18     0.01357
1975     19     0.10873
1975     20     0.10100
1975     21     0.12182
1975     22     0.13085
1975     23     0.14140
1975     24     0.17175
1975     25     0.20078
1975     26     0.20467
1975     27     0.20516
1975     28     0.20533
1975     29     0.20705
1975     30     0.19610
1975     31     0.17735
1975     32     0.16371
1975     33     0.15449
1975     34     0.14792
1975     35     0.13305
1975     36     0.11398
1975     37     0.10070
1975     38     0.08989
1975     39     0.07893
1975     40     0.06598
1975     41     0.05108
1975     42     0.03647
1975     43     0.02376
1975     44     0.01400
1975     45     0.00906
1975     46     0.00331
1975     47     0.00064
1975     48     0.00010
1975     49     0.00002
1975     50     0.00000
1975     51     0.00000
1975     52     0.00000
1975     53     0.00000
1975     54     0.00000
1975     55+    0.00000
1976     12-    0.00000
1976     13     0.00000
1976     14     0.00000
1976     15     0.00000
1976     16     0.00000
1976     17     0.00020
1976     18     0.01307
1976     19     0.10475
1976     20     0.09719
1976     21     0.11753
1976     22     0.12657
1976     23     0.13727
1976     24     0.16752
1976     25     0.19708
1976     26     0.20154
1976     27     0.20250
1976     28     0.20293
1976     29     0.20466
1976     30     0.19397
1976     31     0.17554
1976     32     0.16152
1976     33     0.15138
1976     34     0.14357
1976     35     0.12866
1976     36     0.10980
1976     37     0.09600
1976     38     0.08458
1976     39     0.07345
1976     40     0.05970
1976     41     0.04603
1976     42     0.03429
1976     43     0.02395
1976     44     0.01527
1976     45     0.01099
1976     46     0.00408
1976     47     0.00075
1976     48     0.00011
1976     49     0.00002
1976     50     0.00000
1976     51     0.00000
1976     52     0.00000
1976     53     0.00000
1976     54     0.00000
1976     55+    0.00000
1977     12-    0.00000
1977     13     0.00000
1977     14     0.00000
1977     15     0.00000
1977     16     0.00000
1977     17     0.00020
1977     18     0.01270
1977     19     0.10201
1977     20     0.09476
1977     21     0.11543
1977     22     0.12495
1977     23     0.13564
1977     24     0.16491
1977     25     0.19298
1977     26     0.19620
1977     27     0.19696
1977     28     0.19851
1977     29     0.20266
1977     30     0.19492
1977     31     0.17802
1977     32     0.16432
1977     33     0.15347
1977     34     0.14421
1977     35     0.12799
1977     36     0.10861
1977     37     0.09410
1977     38     0.08199
1977     39     0.07041
1977     40     0.05646
1977     41     0.04310
1977     42     0.03216
1977     43     0.02268
1977     44     0.01465
1977     45     0.01074
1977     46     0.00402
1977     47     0.00074
1977     48     0.00011
1977     49     0.00002
1977     50     0.00000
1977     51     0.00000
1977     52     0.00000
1977     53     0.00000
1977     54     0.00000
1977     55+    0.00000
1978     12-    0.00000
1978     13     0.00000
1978     14     0.00000
1978     15     0.00000
1978     16     0.00000
1978     17     0.00020
1978     18     0.01303
1978     19     0.10421
1978     20     0.09423
1978     21     0.11360
1978     22     0.12212
1978     23     0.13244
1978     24     0.16195
1978     25     0.19068
1978     26     0.19485
1978     27     0.19635
1978     28     0.19820
1978     29     0.20207
1978     30     0.19362
1978     31     0.17627
1978     32     0.16288
1978     33     0.15287
1978     34     0.14465
1978     35     0.12920
1978     36     0.11021
1978     37     0.09483
1978     38     0.08123
1978     39     0.06814
1978     40     0.05349
1978     41     0.04008
1978     42     0.02951
1978     43     0.02064
1978     44     0.01326
1978     45     0.00953
1978     46     0.00359
1978     47     0.00068
1978     48     0.00011
1978     49     0.00002
1978     50     0.00000
1978     51     0.00000
1978     52     0.00000
1978     53     0.00000
1978     54     0.00000
1978     55+    0.00000
1979     12-    0.00000
1979     13     0.00000
1979     14     0.00000
1979     15     0.00000
1979     16     0.00000
1979     17     0.00020
1979     18     0.01341
1979     19     0.10710
1979     20     0.09621
1979     21     0.11492
1979     22     0.12278
1979     23     0.13324
1979     24     0.16419
1979     25     0.19468
1979     26     0.19996
1979     27     0.20201
1979     28     0.20360
1979     29     0.20631
1979     30     0.19651
1979     31     0.17798
1979     32     0.16331
1979     33     0.15193
1979     34     0.14231
1979     35     0.12474
1979     36     0.10517
1979     37     0.09006
1979     38     0.07715
1979     39     0.06483
1979     40     0.05120
1979     41     0.03826
1979     42     0.02750
1979     43     0.01855
1979     44     0.01146
1979     45     0.00787
1979     46     0.00297
1979     47     0.00058
1979     48     0.00010
1979     49     0.00001
1979     50     0.00000
1979     51     0.00000
1979     52     0.00000
1979     53     0.00000
1979     54     0.00000
1979     55+    0.00000
1980     12-    0.00003
1980     13     0.00019
1980     14     0.00018
1980     15     0.00151
1980     16     0.00600
1980     17     0.01689
1980     18     0.03387
1980     19     0.06020
1980     20     0.08133
1980     21     0.10000
1980     22     0.12777
1980     23     0.15184
1980     24     0.17068
1980     25     0.19363
1980     26     0.19716
1980     27     0.21161
1980     28     0.20540
1980     29     0.19692
1980     30     0.18965
1980     31     0.17596
1980     32     0.16480
1980     33     0.14980
1980     34     0.13512
1980     35     0.12295
1980     36     0.11292
1980     37     0.09888
1980     38     0.07827
1980     39     0.06335
1980     40     0.05040
1980     41     0.03728
1980     42     0.02790
1980     43     0.01732
1980     44     0.01178
1980     45     0.00624
1980     46     0.00321
1980     47     0.00074
1980     48     0.00089
1980     49     0.00014
1980     50     0.00020
1980     51     0.00007
1980     52     0.00000
1980     53     0.00000
1980     54     0.00000
1980     55+    0.00000
1981     12-    0.00003
1981     13     0.00019
1981     14     0.00034
1981     15     0.00129
1981     16     0.00617
1981     17     0.01556
1981     18     0.03411
1981     19     0.05727
1981     20     0.07603
1981     21     0.09978
1981     22     0.11785
1981     23     0.14009
1981     24     0.15870
1981     25     0.17805
1981     26     0.18958
1981     27     0.19021
1981     28     0.20061
1981     29     0.18793
1981     30     0.18429
1981     31     0.17436
1981     32     0.16059
1981     33     0.15040
1981     34     0.13509
1981     35     0.12180
1981     36     0.10258
1981     37     0.09075
1981     38     0.07565
1981     39     0.06349
1981     40     0.04613
1981     41     0.03489
1981     42     0.02256
1981     43     0.01641
1981     44     0.01117
1981     45     0.00633
1981     46     0.00298
1981     47     0.00171
1981     48     0.00041
1981     49     0.00041
1981     50     0.00007
1981     51     0.00000
1981     52     0.00000
1981     53     0.00000
1981     54     0.00000
1981     55+    0.00000
1982     12-    0.00000
1982     13     0.00009
1982     14     0.00044
1982     15     0.00166
1982     16     0.00519
1982     17     0.01546
1982     18     0.03267
1982     19     0.05079
1982     20     0.07030
1982     21     0.09195
1982     22     0.11116
1982     23     0.12920
1982     24     0.15300
1982     25     0.16630
1982     26     0.18189
1982     27     0.19242
1982     28     0.19035
1982     29     0.19266
1982     30     0.18147
1982     31     0.16569
1982     32     0.15888
1982     33     0.14544
1982     34     0.13267
1982     35     0.11731
1982     36     0.10098
1982     37     0.08896
1982     38     0.07591
1982     39     0.05956
1982     40     0.04458
1982     41     0.03108
1982     42     0.02327
1982     43     0.01578
1982     44     0.01095
1982     45     0.00554
1982     46     0.00289
1982     47     0.00109
1982     48     0.00076
1982     49     0.00034
1982     50     0.00000
1982     51     0.00007
1982     52     0.00000
1982     53     0.00000
1982     54     0.00000
1982     55+    0.00000
1983     12-    0.00003
1983     13     0.00000
1983     14     0.00022
1983     15     0.00123
1983     16     0.00501
1983     17     0.01546
1983     18     0.02880
1983     19     0.04553
1983     20     0.06419
1983     21     0.07934
1983     22     0.10431
1983     23     0.12328
1983     24     0.14395
1983     25     0.16021
1983     26     0.16841
1983     27     0.17661
1983     28     0.18340
1983     29     0.17413
1983     30     0.17199
1983     31     0.16332
1983     32     0.14547
1983     33     0.13369
1983     34     0.12053
1983     35     0.10875
1983     36     0.09769
1983     37     0.07998
1983     38     0.06789
1983     39     0.05293
1983     40     0.04863
1983     41     0.03192
1983     42     0.02197
1983     43     0.01396
1983     44     0.00847
1983     45     0.00347
1983     46     0.00223
1983     47     0.00145
1983     48     0.00068
1983     49     0.00014
1983     50     0.00014
1983     51     0.00000
1983     52     0.00014
1983     53     0.00007
1983     54     0.00000
1983     55+    0.00000
1984     12-    0.00000
1984     13     0.00003
1984     14     0.00018
1984     15     0.00130
1984     16     0.00546
1984     17     0.01351
1984     18     0.02715
1984     19     0.04620
1984     20     0.05828
1984     21     0.07931
1984     22     0.09553
1984     23     0.11469
1984     24     0.13065
1984     25     0.14775
1984     26     0.16165
1984     27     0.16827
1984     28     0.16836
1984     29     0.17419
1984     30     0.16460
1984     31     0.14957
1984     32     0.13734
1984     33     0.12882
1984     34     0.11414
1984     35     0.10152
1984     36     0.08869
1984     37     0.07450
1984     38     0.06365
1984     39     0.05328
1984     40     0.03967
1984     41     0.02962
1984     42     0.01965
1984     43     0.01213
1984     44     0.00722
1984     45     0.00478
1984     46     0.00236
1984     47     0.00125
1984     48     0.00026
1984     49     0.00027
1984     50     0.00000
1984     51     0.00014
1984     52     0.00000
1984     53     0.00007
1984     54     0.00007
1984     55+    0.00007
1985     12-    0.00000
1985     13     0.00003
1985     14     0.00012
1985     15     0.00109
1985     16     0.00481
1985     17     0.01327
1985     18     0.02645
1985     19     0.04089
1985     20     0.05439
1985     21     0.06620
1985     22     0.08678
1985     23     0.10785
1985     24     0.12403
1985     25     0.14238
1985     26     0.15748
1985     27     0.16398
1985     28     0.16730
1985     29     0.16426
1985     30     0.16457
1985     31     0.14905
1985     32     0.14012
1985     33     0.12531
1985     34     0.11311
1985     35     0.09999
1985     36     0.08921
1985     37     0.07060
1985     38     0.06005
1985     39     0.04789
1985     40     0.03761
1985     41     0.02903
1985     42     0.01873
1985     43     0.01289
1985     44     0.00738
1985     45     0.00411
1985     46     0.00209
1985     47     0.00079
1985     48     0.00033
1985     49     0.00000
1985     50     0.00007
1985     51     0.00000
1985     52     0.00007
1985     53     0.00000
1985     54     0.00007
1985     55+    0.00000
1986     12-    0.00000
1986     13     0.00003
1986     14     0.00003
1986     15     0.00095
1986     16     0.00496
1986     17     0.01338
1986     18     0.02674
1986     19     0.03978
1986     20     0.05104
1986     21     0.06696
1986     22     0.07923
1986     23     0.10199
1986     24     0.12123
1986     25     0.13500
1986     26     0.15391
1986     27     0.15890
1986     28     0.16478
1986     29     0.16075
1986     30     0.15386
1986     31     0.15262
1986     32     0.13962
1986     33     0.13075
1986     34     0.11270
1986     35     0.09715
1986     36     0.08866
1986     37     0.07258
1986     38     0.05913
1986     39     0.04808
1986     40     0.03679
1986     41     0.02654
1986     42     0.01779
1986     43     0.01281
1986     44     0.00649
1986     45     0.00392
1986     46     0.00218
1986     47     0.00070
1986     48     0.00020
1986     49     0.00026
1986     50     0.00007
1986     51     0.00007
1986     52     0.00000
1986     53     0.00000
1986     54     0.00007
1986     55+    0.00000
1987     12-    0.00000
1987     13     0.00000
1987     14     0.00015
1987     15     0.00134
1987     16     0.00440
1987     17     0.01301
1987     18     0.02767
1987     19     0.03763
1987     20     0.04846
1987     21     0.05839
1987     22     0.07390
1987     23     0.08910
1987     24     0.11135
1987     25     0.12526
1987     26     0.14201
1987     27     0.15161
1987     28     0.15555
1987     29     0.16000
1987     30     0.14936
1987     31     0.14557
1987     32     0.13420
1987     33     0.12047
1987     34     0.10869
1987     35     0.09511
1987     36     0.07995
1987     37     0.06850
1987     38     0.05316
1987     39     0.04523
1987     40     0.03572
1987     41     0.02440
1987     42     0.01861
1987     43     0.01026
1987     44     0.00598
1987     45     0.00331
1987     46     0.00171
1987     47     0.00075
1987     48     0.00032
1987     49     0.00000
1987     50     0.00013
1987     51     0.00007
1987     52     0.00000
1987     53     0.00007
1987     54     0.00000
1987     55+    0.00000
1988     12-    0.00003
1988     13     0.00003
1988     14     0.00012
1988     15     0.00152
1988     16     0.00465
1988     17     0.01216
1988     18     0.02605
1988     19     0.03612
1988     20     0.04671
1988     21     0.05494
1988     22     0.06842
1988     23     0.07990
1988     24     0.09724
1988     25     0.11353
1988     26     0.12673
1988     27     0.14811
1988     28     0.14910
1988     29     0.15031
1988     30     0.14548
1988     31     0.13527
1988     32     0.12298
1988     33     0.11498
1988     34     0.10093
1988     35     0.08870
1988     36     0.07484
1988     37     0.06319
1988     38     0.04943
1988     39     0.04057
1988     40     0.03083
1988     41     0.02182
1988     42     0.01490
1988     43     0.01144
1988     44     0.00619
1988     45     0.00281
1988     46     0.00157
1988     47     0.00076
1988     48     0.00019
1988     49     0.00000
1988     50     0.00000
1988     51     0.00000
1988     52     0.00000
1988     53     0.00000
1988     54     0.00000
1988     55+    0.00000
1989     12-    0.00003
1989     13     0.00000
1989     14     0.00021
1989     15     0.00132
1989     16     0.00493
1989     17     0.01240
1989     18     0.02278
1989     19     0.03576
1989     20     0.04133
1989     21     0.05221
1989     22     0.05970
1989     23     0.07463
1989     24     0.08870
1989     25     0.10899
1989     26     0.11951
1989     27     0.13278
1989     28     0.14151
1989     29     0.14648
1989     30     0.13724
1989     31     0.13622
1989     32     0.12247
1989     33     0.10804
1989     34     0.09849
1989     35     0.08556
1989     36     0.07416
1989     37     0.06398
1989     38     0.04880
1989     39     0.03795
1989     40     0.03164
1989     41     0.02184
1989     42     0.01486
1989     43     0.00886
1989     44     0.00509
1989     45     0.00264
1989     46     0.00158
1989     47     0.00048
1989     48     0.00019
1989     49     0.00013
1989     50     0.00000
1989     51     0.00000
1989     52     0.00000
1989     53     0.00007
1989     54     0.00000
1989     55+    0.00000
1990     12-    0.00003
1990     13     0.00009
1990     14     0.00024
1990     15     0.00163
1990     16     0.00535
1990     17     0.01394
1990     18     0.02502
1990     19     0.03920
1990     20     0.04365
1990     21     0.05037
1990     22     0.06242
1990     23     0.07226
1990     24     0.08701
1990     25     0.10651
1990     26     0.12190
1990     27     0.14405
1990     28     0.14506
1990     29     0.15410
1990     30     0.15169
1990     31     0.13769
1990     32     0.12180
1990     33     0.11150
1990     34     0.09932
1990     35     0.09097
1990     36     0.07323
1990     37     0.06404
1990     38     0.04727
1990     39     0.03774
1990     40     0.02788
1990     41     0.02028
1990     42     0.01425
1990     43     0.00840
1990     44     0.00464
1990     45     0.00240
1990     46     0.00173
1990     47     0.00057
1990     48     0.00030
1990     49     0.00006
1990     50     0.00013
1990     51     0.00000
1990     52     0.00000
1990     53     0.00000
1990     54     0.00000
1990     55+    0.00000
1991     12-    0.00003
1991     13     0.00003
1991     14     0.00015
1991     15     0.00144
1991     16     0.00588
1991     17     0.01387
1991     18     0.02775
1991     19     0.03863
1991     20     0.04711
1991     21     0.05073
1991     22     0.06321
1991     23     0.07315
1991     24     0.08615
1991     25     0.10570
1991     26     0.12178
1991     27     0.13518
1991     28     0.14652
1991     29     0.14475
1991     30     0.14640
1991     31     0.13576
1991     32     0.12668
1991     33     0.11290
1991     34     0.09603
1991     35     0.08819
1991     36     0.07610
1991     37     0.06040
1991     38     0.05180
1991     39     0.03718
1991     40     0.02992
1991     41     0.01959
1991     42     0.01292
1991     43     0.00747
1991     44     0.00523
1991     45     0.00247
1991     46     0.00097
1991     47     0.00060
1991     48     0.00006
1991     49     0.00030
1991     50     0.00000
1991     51     0.00000
1991     52     0.00006
1991     53     0.00000
1991     54     0.00000
1991     55+    0.00000
1992     12-    0.00003
1992     13     0.00003
1992     14     0.00012
1992     15     0.00125
1992     16     0.00576
1992     17     0.01402
1992     18     0.02547
1992     19     0.03941
1992     20     0.04494
1992     21     0.04573
1992     22     0.05502
1992     23     0.06972
1992     24     0.08339
1992     25     0.09450
1992     26     0.11372
1992     27     0.12949
1992     28     0.14059
1992     29     0.14087
1992     30     0.14251
1992     31     0.13232
1992     32     0.12409
1992     33     0.10782
1992     34     0.10108
1992     35     0.08523
1992     36     0.07162
1992     37     0.06123
1992     38     0.04743
1992     39     0.03907
1992     40     0.02756
1992     41     0.01975
1992     42     0.01188
1992     43     0.00808
1992     44     0.00381
1992     45     0.00196
1992     46     0.00135
1992     47     0.00026
1992     48     0.00005
1992     49     0.00011
1992     50     0.00000
1992     51     0.00000
1992     52     0.00000
1992     53     0.00006
1992     54     0.00000
1992     55+    0.00000
1993     12-    0.00000
1993     13     0.00006
1993     14     0.00026
1993     15     0.00134
1993     16     0.00541
1993     17     0.01389
1993     18     0.02491
1993     19     0.03747
1993     20     0.04141
1993     21     0.04494
1993     22     0.04915
1993     23     0.05989
1993     24     0.07707
1993     25     0.08875
1993     26     0.10598
1993     27     0.11855
1993     28     0.12719
1993     29     0.13985
1993     30     0.14281
1993     31     0.13003
1993     32     0.12023
1993     33     0.11035
1993     34     0.10015
1993     35     0.08263
1993     36     0.07136
1993     37     0.05776
1993     38     0.04414
1993     39     0.03504
1993     40     0.02896
1993     41     0.01665
1993     42     0.01205
1993     43     0.00716
1993     44     0.00486
1993     45     0.00190
1993     46     0.00116
1993     47     0.00043
1993     48     0.00041
1993     49     0.00011
1993     50     0.00006
1993     51     0.00000
1993     52     0.00000
1993     53     0.00000
1993     54     0.00000
1993     55+    0.00000
1994     12-    0.00000
1994     13     0.00000
1994     14     0.00029
1994     15     0.00167
1994     16     0.00544
1994     17     0.01220
1994     18     0.02400
1994     19     0.03393
1994     20     0.03867
1994     21     0.04442
1994     22     0.04969
1994     23     0.05298
1994     24     0.06999
1994     25     0.08337
1994     26     0.09995
1994     27     0.11162
1994     28     0.12681
1994     29     0.13448
1994     30     0.13847
1994     31     0.13040
1994     32     0.12070
1994     33     0.11084
1994     34     0.09848
1994     35     0.08813
1994     36     0.06953
1994     37     0.05632
1994     38     0.04247
1994     39     0.03492
1994     40     0.02506
1994     41     0.01696
1994     42     0.01089
1994     43     0.00647
1994     44     0.00359
1994     45     0.00210
1994     46     0.00072
1994     47     0.00032
1994     48     0.00010
1994     49     0.00015
1994     50     0.00000
1994     51     0.00000
1994     52     0.00000
1994     53     0.00000
1994     54     0.00000
1994     55+    0.00000
1995     12-    0.00003
1995     13     0.00003
1995     14     0.00026
1995     15     0.00121
1995     16     0.00599
1995     17     0.01288
1995     18     0.02481
1995     19     0.03288
1995     20     0.03957
1995     21     0.04490
1995     22     0.04825
1995     23     0.05401
1995     24     0.06517
1995     25     0.07623
1995     26     0.09173
1995     27     0.10908
1995     28     0.11889
1995     29     0.13241
1995     30     0.14193
1995     31     0.13387
1995     32     0.12444
1995     33     0.11257
1995     34     0.10363
1995     35     0.08689
1995     36     0.07159
1995     37     0.05827
1995     38     0.04578
1995     39     0.03453
1995     40     0.02464
1995     41     0.01845
1995     42     0.01108
1995     43     0.00608
1995     44     0.00401
1995     45     0.00204
1995     46     0.00110
1995     47     0.00049
1995     48     0.00005
1995     49     0.00000
1995     50     0.00000
1995     51     0.00000
1995     52     0.00000
1995     53     0.00000
1995     54     0.00000
1995     55+    0.00000
1996     12-    0.00000
1996     13     0.00000
1996     14     0.00009
1996     15     0.00134
1996     16     0.00632
1996     17     0.01450
1996     18     0.02665
1996     19     0.03709
1996     20     0.04241
1996     21     0.04713
1996     22     0.04953
1996     23     0.05651
1996     24     0.06482
1996     25     0.07437
1996     26     0.08738
1996     27     0.10756
1996     28     0.12298
1996     29     0.13186
1996     30     0.13742
1996     31     0.13804
1996     32     0.13152
1996     33     0.12114
1996     34     0.10306
1996     35     0.09459
1996     36     0.07695
1996     37     0.06103
1996     38     0.04663
1996     39     0.03541
1996     40     0.02264
1996     41     0.01555
1996     42     0.01033
1996     43     0.00583
1996     44     0.00327
1996     45     0.00185
1996     46     0.00066
1996     47     0.00022
1996     48     0.00009
1996     49     0.00005
1996     50     0.00000
1996     51     0.00000
1996     52     0.00000
1996     53     0.00000
1996     54     0.00000
1996     55+    0.00000
1997     12-    0.00000
1997     13     0.00000
1997     14     0.00031
1997     15     0.00143
1997     16     0.00645
1997     17     0.01516
1997     18     0.02811
1997     19     0.03717
1997     20     0.04240
1997     21     0.04592
1997     22     0.04466
1997     23     0.05557
1997     24     0.06622
1997     25     0.07319
1997     26     0.08997
1997     27     0.10632
1997     28     0.12518
1997     29     0.13401
1997     30     0.14310
1997     31     0.14078
1997     32     0.13542
1997     33     0.12386
1997     34     0.11351
1997     35     0.09676
1997     36     0.08194
1997     37     0.06447
1997     38     0.04938
1997     39     0.03529
1997     40     0.02593
1997     41     0.01830
1997     42     0.01104
1997     43     0.00735
1997     44     0.00317
1997     45     0.00234
1997     46     0.00088
1997     47     0.00035
1997     48     0.00004
1997     49     0.00004
1997     50     0.00000
1997     51     0.00000
1997     52     0.00000
1997     53     0.00000
1997     54     0.00000
1997     55+    0.00000
1998     12-    0.00000
1998     13     0.00007
1998     14     0.00029
1998     15     0.00123
1998     16     0.00644
1998     17     0.01728
1998     18     0.03014
1998     19     0.04158
1998     20     0.04588
1998     21     0.04689
1998     22     0.05094
1998     23     0.05455
1998     24     0.06242
1998     25     0.07562
1998     26     0.08514
1998     27     0.10346
1998     28     0.11456
1998     29     0.13348
1998     30     0.14037
1998     31     0.14354
1998     32     0.13518
1998     33     0.12525
1998     34     0.11162
1998     35     0.09794
1998     36     0.08487
1998     37     0.06721
1998     38     0.05238
1998     39     0.04050
1998     40     0.02822
1998     41     0.01784
1998     42     0.00956
1998     43     0.00599
1998     44     0.00434
1998     45     0.00150
1998     46     0.00069
1998     47     0.00035
1998     48     0.00040
1998     49     0.00004
1998     50     0.00004
1998     51     0.00000
1998     52     0.00000
1998     53     0.00000
1998     54     0.00000
1998     55+    0.00000
1999     12-    0.00000
1999     13     0.00000
1999     14     0.00036
1999     15     0.00177
1999     16     0.00696
1999     17     0.01567
1999     18     0.03306
1999     19     0.04313
1999     20     0.04752
1999     21     0.04612
1999     22     0.05062
1999     23     0.05158
1999     24     0.05800
1999     25     0.06983
1999     26     0.08754
1999     27     0.09541
1999     28     0.11261
1999     29     0.12910
1999     30     0.13359
1999     31     0.13929
1999     32     0.13372
1999     33     0.12514
1999     34     0.11472
1999     35     0.09649
1999     36     0.08610
1999     37     0.06510
1999     38     0.05127
1999     39     0.03961
1999     40     0.02555
1999     41     0.01771
1999     42     0.01072
1999     43     0.00630
1999     44     0.00305
1999     45     0.00198
1999     46     0.00050
1999     47     0.00043
1999     48     0.00000
1999     49     0.00009
1999     50     0.00000
1999     51     0.00000
1999     52     0.00005
1999     53     0.00000
1999     54     0.00000
1999     55+    0.00000
2000     12-    0.00000
2000     13     0.00000
2000     14     0.00033
2000     15     0.00187
2000     16     0.00664
2000     17     0.01543
2000     18     0.03000
2000     19     0.04230
2000     20     0.04686
2000     21     0.04712
2000     22     0.05187
2000     23     0.05505
2000     24     0.05724
2000     25     0.06405
2000     26     0.08333
2000     27     0.09153
2000     28     0.11136
2000     29     0.11978
2000     30     0.13032
2000     31     0.13559
2000     32     0.13291
2000     33     0.13025
2000     34     0.11193
2000     35     0.10080
2000     36     0.08781
2000     37     0.07205
2000     38     0.05146
2000     39     0.04170
2000     40     0.02737
2000     41     0.01843
2000     42     0.01138
2000     43     0.00576
2000     44     0.00301
2000     45     0.00162
2000     46     0.00057
2000     47     0.00025
2000     48     0.00013
2000     49     0.00000
2000     50     0.00000
2000     51     0.00000
2000     52     0.00000
2000     53     0.00000
2000     54     0.00000
2000     55+    0.00000
2001     12-    0.00000
2001     13     0.00004
2001     14     0.00027
2001     15     0.00194
2001     16     0.00707
2001     17     0.01681
2001     18     0.03047
2001     19     0.04067
2001     20     0.04606
2001     21     0.04906
2001     22     0.05106
2001     23     0.05611
2001     24     0.06118
2001     25     0.06807
2001     26     0.08379
2001     27     0.09356
2001     28     0.10795
2001     29     0.12040
2001     30     0.13283
2001     31     0.14019
2001     32     0.13517
2001     33     0.13307
2001     34     0.12331
2001     35     0.10462
2001     36     0.09178
2001     37     0.07488
2001     38     0.05828
2001     39     0.04308
2001     40     0.02886
2001     41     0.01850
2001     42     0.01155
2001     43     0.00565
2001     44     0.00371
2001     45     0.00191
2001     46     0.00081
2001     47     0.00029
2001     48     0.00008
2001     49     0.00004
2001     50     0.00004
2001     51     0.00000
2001     52     0.00000
2001     53     0.00000
2001     54     0.00000
2001     55+    0.00000
2002     12-    0.00000
2002     13     0.00000
2002     14     0.00028
2002     15     0.00184
2002     16     0.00736
2002     17     0.01658
2002     18     0.02975
2002     19     0.03918
2002     20     0.04659
2002     21     0.04696
2002     22     0.04900
2002     23     0.05778
2002     24     0.06163
2002     25     0.06963
2002     26     0.08318
2002     27     0.09325
2002     28     0.10799
2002     29     0.12123
2002     30     0.13364
2002     31     0.13871
2002     32     0.14258
2002     33     0.13455
2002     34     0.12548
2002     35     0.11408
2002     36     0.09701
2002     37     0.07862
2002     38     0.06088
2002     39     0.04836
2002     40     0.03006
2002     41     0.02039
2002     42     0.01160
2002     43     0.00541
2002     44     0.00335
2002     45     0.00154
2002     46     0.00064
2002     47     0.00052
2002     48     0.00000
2002     49     0.00004
2002     50     0.00000
2002     51     0.00000
2002     52     0.00000
2002     53     0.00000
2002     54     0.00000
2002     55+    0.00000
2003     12-    0.00000
2003     13     0.00004
2003     14     0.00040
2003     15     0.00162
2003     16     0.00670
2003     17     0.01685
2003     18     0.02911
2003     19     0.03951
2003     20     0.04293
2003     21     0.04560
2003     22     0.04820
2003     23     0.05393
2003     24     0.06082
2003     25     0.06714
2003     26     0.07632
2003     27     0.08922
2003     28     0.10795
2003     29     0.12392
2003     30     0.12994
2003     31     0.13511
2003     32     0.13752
2003     33     0.13584
2003     34     0.12667
2003     35     0.11556
2003     36     0.09699
2003     37     0.08194
2003     38     0.06738
2003     39     0.04688
2003     40     0.03450
2003     41     0.02066
2003     42     0.01096
2003     43     0.00756
2003     44     0.00302
2003     45     0.00140
2003     46     0.00081
2003     47     0.00020
2003     48     0.00008
2003     49     0.00000
2003     50     0.00004
2003     51     0.00000
2003     52     0.00000
2003     53     0.00000
2003     54     0.00000
2003     55+    0.00000
2004     12-    0.00000
2004     13     0.00000
2004     14     0.00011
2004     15     0.00170
2004     16     0.00687
2004     17     0.01291
2004     18     0.02635
2004     19     0.03714
2004     20     0.04226
2004     21     0.04645
2004     22     0.04814
2004     23     0.04948
2004     24     0.05835
2004     25     0.06536
2004     26     0.07264
2004     27     0.08443
2004     28     0.10038
2004     29     0.11947
2004     30     0.12665
2004     31     0.13372
2004     32     0.13368
2004     33     0.13474
2004     34     0.12849
2004     35     0.11654
2004     36     0.10308
2004     37     0.08266
2004     38     0.06554
2004     39     0.05022
2004     40     0.03463
2004     41     0.02098
2004     42     0.01268
2004     43     0.00700
2004     44     0.00366
2004     45     0.00133
2004     46     0.00083
2004     47     0.00027
2004     48     0.00012
2004     49     0.00004
2004     50     0.00000
2004     51     0.00000
2004     52     0.00000
2004     53     0.00000
2004     54     0.00000
2004     55+    0.00000
2005     12-    0.00000
2005     13     0.00000
2005     14     0.00025
2005     15     0.00134
2005     16     0.00659
2005     17     0.01342
2005     18     0.02568
2005     19     0.03560
2005     20     0.03914
2005     21     0.04222
2005     22     0.04493
2005     23     0.04718
2005     24     0.05333
2005     25     0.05899
2005     26     0.06675
2005     27     0.07476
2005     28     0.08757
2005     29     0.10566
2005     30     0.12029
2005     31     0.12818
2005     32     0.13354
2005     33     0.13432
2005     34     0.12628
2005     35     0.11470
2005     36     0.10485
2005     37     0.08788
2005     38     0.06874
2005     39     0.05111
2005     40     0.03510
2005     41     0.02330
2005     42     0.01325
2005     43     0.00762
2005     44     0.00381
2005     45     0.00181
2005     46     0.00062
2005     47     0.00026
2005     48     0.00019
2005     49     0.00004
2005     50     0.00000
2005     51     0.00008
2005     52     0.00000
2005     53     0.00000
2005     54     0.00000
2005     55+    0.00000
2006     12-    0.00000
2006     13     0.00011
2006     14     0.00029
2006     15     0.00131
2006     16     0.00539
2006     17     0.01303
2006     18     0.02357
2006     19     0.03680
2006     20     0.04143
2006     21     0.04273
2006     22     0.04788
2006     23     0.05093
2006     24     0.05408
2006     25     0.05948
2006     26     0.06790
2006     27     0.08162
2006     28     0.09098
2006     29     0.10507
2006     30     0.11669
2006     31     0.13205
2006     32     0.13478
2006     33     0.13254
2006     34     0.13258
2006     35     0.12076
2006     36     0.10883
2006     37     0.08993
2006     38     0.07187
2006     39     0.05449
2006     40     0.03740
2006     41     0.02345
2006     42     0.01537
2006     43     0.00831
2006     44     0.00487
2006     45     0.00184
2006     46     0.00102
2006     47     0.00033
2006     48     0.00034
2006     49     0.00004
2006     50     0.00008
2006     51     0.00004
2006     52     0.00000
2006     53     0.00000
2006     54     0.00000
2006     55+    0.00004
2007     12-    0.00000
2007     13     0.00004
2007     14     0.00033
2007     15     0.00209
2007     16     0.00548
2007     17     0.01392
2007     18     0.02516
2007     19     0.03846
2007     20     0.04213
2007     21     0.04611
2007     22     0.04761
2007     23     0.04968
2007     24     0.05588
2007     25     0.06365
2007     26     0.07065
2007     27     0.08379
2007     28     0.09449
2007     29     0.10852
2007     30     0.12307
2007     31     0.13689
2007     32     0.14305
2007     33     0.14293
2007     34     0.13983
2007     35     0.12916
2007     36     0.11445
2007     37     0.09451
2007     38     0.07529
2007     39     0.05961
2007     40     0.04187
2007     41     0.02644
2007     42     0.01523
2007     43     0.00785
2007     44     0.00489
2007     45     0.00215
2007     46     0.00110
2007     47     0.00039
2007     48     0.00011
2007     49     0.00019
2007     50     0.00000
2007     51     0.00004
2007     52     0.00004
2007     53     0.00008
2007     54     0.00000
2007     55+    0.00000
2008     12-    0.00000
2008     13     0.00002
2008     14     0.00028
2008     15     0.00132
2008     16     0.00594
2008     17     0.01295
2008     18     0.02370
2008     19     0.03678
2008     20     0.04207
2008     21     0.04836
2008     22     0.04920
2008     23     0.05250
2008     24     0.05769
2008     25     0.06534
2008     26     0.07766
2008     27     0.08731
2008     28     0.10009
2008     29     0.11214
2008     30     0.12848
2008     31     0.13901
2008     32     0.14500
2008     33     0.14342
2008     34     0.13848
2008     35     0.13040
2008     36     0.11294
2008     37     0.09994
2008     38     0.07968
2008     39     0.06471
2008     40     0.04197
2008     41     0.02714
2008     42     0.01624
2008     43     0.00849
2008     44     0.00442
2008     45     0.00266
2008     46     0.00149
2008     47     0.00051
2008     48     0.00032
2008     49     0.00044
2008     50     0.00004
2008     51     0.00007
2008     52     0.00007
2008     53     0.00004
2008     54     0.00001
2008     55+    0.00000
2009     12-    0.00000
2009     13     0.00004
2009     14     0.00015
2009     15     0.00148
2009     16     0.00604
2009     17     0.01282
2009     18     0.02129
2009     19     0.03428
2009     20     0.04073
2009     21     0.04501
2009     22     0.05145
2009     23     0.05334
2009     24     0.05767
2009     25     0.06833
2009     26     0.08084
2009     27     0.09039
2009     28     0.10041
2009     29     0.11460
2009     30     0.12322
2009     31     0.13438
2009     32     0.14173
2009     33     0.14260
2009     34     0.13554
2009     35     0.12804
2009     36     0.11596
2009     37     0.09847
2009     38     0.08264
2009     39     0.06355
2009     40     0.04425
2009     41     0.02786
2009     42     0.01681
2009     43     0.00958
2009     44     0.00502
2009     45     0.00272
2009     46     0.00115
2009     47     0.00071
2009     48     0.00035
2009     49     0.00028
2009     50     0.00007
2009     51     0.00000
2009     52     0.00004
2009     53     0.00008
2009     54     0.00000
2009     55+    0.00000
2010     12-    0.00000
2010     13     0.00003
2010     14     0.00026
2010     15     0.00142
2010     16     0.00425
2010     17     0.01130
2010     18     0.02104
2010     19     0.03257
2010     20     0.03912
2010     21     0.04318
2010     22     0.04739
2010     23     0.05672
2010     24     0.06042
2010     25     0.06899
2010     26     0.08133
2010     27     0.09211
2010     28     0.10012
2010     29     0.11386
2010     30     0.12364
2010     31     0.13361
2010     32     0.13952
2010     33     0.14365
2010     34     0.13501
2010     35     0.13225
2010     36     0.11484
2010     37     0.09729
2010     38     0.07782
2010     39     0.06337
2010     40     0.04317
2010     41     0.02849
2010     42     0.01841
2010     43     0.01012
2010     44     0.00569
2010     45     0.00310
2010     46     0.00132
2010     47     0.00059
2010     48     0.00024
2010     49     0.00010
2010     50     0.00014
2010     51     0.00004
2010     52     0.00004
2010     53     0.00000
2010     54     0.00000
2010     55+    0.00000
2011     12-    0.00000
2011     13     0.00000
2011     14     0.00017
2011     15     0.00113
2011     16     0.00374
2011     17     0.00936
2011     18     0.01721
2011     19     0.03015
2011     20     0.03850
2011     21     0.04308
2011     22     0.04710
2011     23     0.05607
2011     24     0.06057
2011     25     0.07099
2011     26     0.07812
2011     27     0.08987
2011     28     0.09964
2011     29     0.10739
2011     30     0.11909
2011     31     0.13603
2011     32     0.14303
2011     33     0.13783
2011     34     0.13847
2011     35     0.12788
2011     36     0.11375
2011     37     0.09716
2011     38     0.08334
2011     39     0.06487
2011     40     0.04472
2011     41     0.02980
2011     42     0.01905
2011     43     0.01026
2011     44     0.00481
2011     45     0.00259
2011     46     0.00140
2011     47     0.00074
2011     48     0.00020
2011     49     0.00024
2011     50     0.00003
2011     51     0.00011
2011     52     0.00004
2011     53     0.00007
2011     54     0.00004
2011     55+    0.00000
2012     12-    0.00000
2012     13     0.00001
2012     14     0.00009
2012     15     0.00083
2012     16     0.00352
2012     17     0.00837
2012     18     0.01849
2012     19     0.03155
2012     20     0.03697
2012     21     0.04339
2012     22     0.04999
2012     23     0.05742
2012     24     0.06356
2012     25     0.06802
2012     26     0.07696
2012     27     0.08430
2012     28     0.09540
2012     29     0.10772
2012     30     0.11672
2012     31     0.12767
2012     32     0.13560
2012     33     0.13656
2012     34     0.13190
2012     35     0.12768
2012     36     0.11713
2012     37     0.09590
2012     38     0.08015
2012     39     0.06502
2012     40     0.04577
2012     41     0.02932
2012     42     0.01836
2012     43     0.01112
2012     44     0.00547
2012     45     0.00315
2012     46     0.00163
2012     47     0.00092
2012     48     0.00055
2012     49     0.00043
2012     50     0.00012
2012     51     0.00005
2012     52     0.00002
2012     53     0.00001
2012     54     0.00000
2012     55+    0.00000
2013     12-    0.00000
2013     13     0.00001
2013     14     0.00011
2013     15     0.00085
2013     16     0.00299
2013     17     0.00692
2013     18     0.01599
2013     19     0.02853
2013     20     0.03741
2013     21     0.04567
2013     22     0.05271
2013     23     0.05453
2013     24     0.06177
2013     25     0.06584
2013     26     0.07518
2013     27     0.08019
2013     28     0.08879
2013     29     0.10629
2013     30     0.11380
2013     31     0.12474
2013     32     0.13123
2013     33     0.13356
2013     34     0.13241
2013     35     0.12292
2013     36     0.11415
2013     37     0.09934
2013     38     0.08172
2013     39     0.06491
2013     40     0.04453
2013     41     0.02884
2013     42     0.01806
2013     43     0.01093
2013     44     0.00549
2013     45     0.00351
2013     46     0.00194
2013     47     0.00061
2013     48     0.00061
2013     49     0.00026
2013     50     0.00015
2013     51     0.00008
2013     52     0.00003
2013     53     0.00001
2013     54     0.00000
2013     55+    0.00000
2014     12-    0.00000
2014     13     0.00001
2014     14     0.00008
2014     15     0.00069
2014     16     0.00275
2014     17     0.00623
2014     18     0.01390
2014     19     0.02658
2014     20     0.03835
2014     21     0.04356
2014     22     0.05120
2014     23     0.05436
2014     24     0.06413
2014     25     0.06740
2014     26     0.07505
2014     27     0.08006
2014     28     0.09177
2014     29     0.10185
2014     30     0.11150
2014     31     0.12509
2014     32     0.13375
2014     33     0.13372
2014     34     0.13040
2014     35     0.12345
2014     36     0.11384
2014     37     0.09755
2014     38     0.08049
2014     39     0.06398
2014     40     0.04287
2014     41     0.03047
2014     42     0.01849
2014     43     0.01045
2014     44     0.00572
2014     45     0.00355
2014     46     0.00237
2014     47     0.00121
2014     48     0.00026
2014     49     0.00013
2014     50     0.00013
2014     51     0.00008
2014     52     0.00004
2014     53     0.00001
2014     54     0.00000
2014     55+    0.00000
