France, Period fertility rates by calendar year and age (Lexis squares, age in completed years (ACY))
Last modified: 07/09/2018
Year    Age        ASFR
1946     12-    0.00000
1946     13     0.00000
1946     14     0.00019
1946     15     0.00146
1946     16     0.00664
1946     17     0.01952
1946     18     0.04224
1946     19     0.07186
1946     20     0.10359
1946     21     0.13185
1946     22     0.15654
1946     23     0.17087
1946     24     0.18685
1946     25     0.19323
1946     26     0.19543
1946     27     0.18079
1946     28     0.17720
1946     29     0.17035
1946     30     0.16244
1946     31     0.15222
1946     32     0.13940
1946     33     0.12756
1946     34     0.11401
1946     35     0.10033
1946     36     0.08810
1946     37     0.07389
1946     38     0.06178
1946     39     0.05093
1946     40     0.03980
1946     41     0.02948
1946     42     0.02026
1946     43     0.01333
1946     44     0.00747
1946     45     0.00430
1946     46     0.00203
1946     47     0.00071
1946     48     0.00023
1946     49     0.00026
1946     50     0.00000
1946     51     0.00000
1946     52     0.00000
1946     53     0.00000
1946     54     0.00000
1946     55+    0.00000
1947     12-    0.00000
1947     13     0.00000
1947     14     0.00038
1947     15     0.00176
1947     16     0.00739
1947     17     0.02158
1947     18     0.04778
1947     19     0.08592
1947     20     0.12513
1947     21     0.15797
1947     22     0.18391
1947     23     0.19531
1947     24     0.20137
1947     25     0.19932
1947     26     0.19143
1947     27     0.18232
1947     28     0.16619
1947     29     0.15671
1947     30     0.14742
1947     31     0.13792
1947     32     0.12650
1947     33     0.11570
1947     34     0.10402
1947     35     0.09553
1947     36     0.08135
1947     37     0.07330
1947     38     0.06086
1947     39     0.04966
1947     40     0.03874
1947     41     0.03061
1947     42     0.02118
1947     43     0.01354
1947     44     0.00862
1947     45     0.00449
1947     46     0.00218
1947     47     0.00094
1947     48     0.00029
1947     49     0.00012
1947     50     0.00012
1947     51     0.00000
1947     52     0.00000
1947     53     0.00000
1947     54     0.00000
1947     55+    0.00000
1948     12-    0.00000
1948     13     0.00001
1948     14     0.00031
1948     15     0.00197
1948     16     0.00720
1948     17     0.02206
1948     18     0.04838
1948     19     0.08701
1948     20     0.12926
1948     21     0.15978
1948     22     0.18589
1948     23     0.19421
1948     24     0.20170
1948     25     0.19492
1948     26     0.18936
1948     27     0.18013
1948     28     0.17072
1948     29     0.15531
1948     30     0.14474
1948     31     0.13594
1948     32     0.12365
1948     33     0.11299
1948     34     0.10273
1948     35     0.09279
1948     36     0.08189
1948     37     0.06927
1948     38     0.05981
1948     39     0.04871
1948     40     0.03870
1948     41     0.02937
1948     42     0.02122
1948     43     0.01390
1948     44     0.00804
1948     45     0.00432
1948     46     0.00211
1948     47     0.00108
1948     48     0.00038
1948     49     0.00010
1948     50     0.00007
1948     51     0.00000
1948     52     0.00000
1948     53     0.00000
1948     54     0.00000
1948     55+    0.00000
1949     12-    0.00000
1949     13     0.00000
1949     14     0.00032
1949     15     0.00205
1949     16     0.00759
1949     17     0.02241
1949     18     0.04919
1949     19     0.08660
1949     20     0.12767
1949     21     0.16262
1949     22     0.18734
1949     23     0.19756
1949     24     0.20445
1949     25     0.19524
1949     26     0.19056
1949     27     0.18152
1949     28     0.16837
1949     29     0.15818
1949     30     0.14179
1949     31     0.13201
1949     32     0.12286
1949     33     0.11239
1949     34     0.09980
1949     35     0.08895
1949     36     0.07852
1949     37     0.06811
1949     38     0.05656
1949     39     0.04736
1949     40     0.03687
1949     41     0.02795
1949     42     0.01984
1949     43     0.01353
1949     44     0.00782
1949     45     0.00437
1949     46     0.00203
1949     47     0.00088
1949     48     0.00044
1949     49     0.00013
1949     50     0.00009
1949     51     0.00000
1949     52     0.00000
1949     53     0.00000
1949     54     0.00000
1949     55+    0.00000
1950     12-    0.00000
1950     13     0.00000
1950     14     0.00047
1950     15     0.00215
1950     16     0.00804
1950     17     0.02269
1950     18     0.04849
1950     19     0.08605
1950     20     0.12634
1950     21     0.15998
1950     22     0.18568
1950     23     0.19585
1950     24     0.20105
1950     25     0.19140
1950     26     0.18689
1950     27     0.17789
1950     28     0.16576
1950     29     0.15319
1950     30     0.14304
1950     31     0.12730
1950     32     0.11718
1950     33     0.10710
1950     34     0.10053
1950     35     0.08579
1950     36     0.07650
1950     37     0.06574
1950     38     0.05599
1950     39     0.04577
1950     40     0.03619
1950     41     0.02728
1950     42     0.01903
1950     43     0.01265
1950     44     0.00728
1950     45     0.00401
1950     46     0.00184
1950     47     0.00087
1950     48     0.00043
1950     49     0.00021
1950     50     0.00013
1950     51     0.00000
1950     52     0.00000
1950     53     0.00000
1950     54     0.00000
1950     55+    0.00000
1951     12-    0.00000
1951     13     0.00000
1951     14     0.00042
1951     15     0.00180
1951     16     0.00760
1951     17     0.02139
1951     18     0.04608
1951     19     0.08177
1951     20     0.12201
1951     21     0.15634
1951     22     0.18044
1951     23     0.19082
1951     24     0.19586
1951     25     0.18367
1951     26     0.17560
1951     27     0.16777
1951     28     0.15603
1951     29     0.14524
1951     30     0.13341
1951     31     0.12323
1951     32     0.10962
1951     33     0.10032
1951     34     0.09152
1951     35     0.08212
1951     36     0.07125
1951     37     0.06128
1951     38     0.05288
1951     39     0.04341
1951     40     0.03349
1951     41     0.02570
1951     42     0.01841
1951     43     0.01179
1951     44     0.00732
1951     45     0.00369
1951     46     0.00179
1951     47     0.00077
1951     48     0.00032
1951     49     0.00016
1951     50     0.00016
1951     51     0.00000
1951     52     0.00000
1951     53     0.00000
1951     54     0.00000
1951     55+    0.00000
1952     12-    0.00000
1952     13     0.00000
1952     14     0.00042
1952     15     0.00187
1952     16     0.00707
1952     17     0.02051
1952     18     0.04524
1952     19     0.08090
1952     20     0.11955
1952     21     0.15331
1952     22     0.17906
1952     23     0.18911
1952     24     0.19461
1952     25     0.18347
1952     26     0.17437
1952     27     0.16545
1952     28     0.15661
1952     29     0.14388
1952     30     0.13351
1952     31     0.11814
1952     32     0.11138
1952     33     0.09854
1952     34     0.08957
1952     35     0.08201
1952     36     0.07168
1952     37     0.06082
1952     38     0.05130
1952     39     0.04282
1952     40     0.03373
1952     41     0.02466
1952     42     0.01856
1952     43     0.01169
1952     44     0.00686
1952     45     0.00360
1952     46     0.00183
1952     47     0.00065
1952     48     0.00031
1952     49     0.00017
1952     50     0.00022
1952     51     0.00000
1952     52     0.00000
1952     53     0.00000
1952     54     0.00000
1952     55+    0.00000
1953     12-    0.00000
1953     13     0.00009
1953     14     0.00037
1953     15     0.00187
1953     16     0.00715
1953     17     0.01959
1953     18     0.04452
1953     19     0.07882
1953     20     0.11769
1953     21     0.15042
1953     22     0.17661
1953     23     0.18775
1953     24     0.19279
1953     25     0.18281
1953     26     0.17288
1953     27     0.16260
1953     28     0.15002
1953     29     0.13999
1953     30     0.12846
1953     31     0.11542
1953     32     0.10427
1953     33     0.09710
1953     34     0.08470
1953     35     0.07638
1953     36     0.06875
1953     37     0.05971
1953     38     0.04890
1953     39     0.03959
1953     40     0.03101
1953     41     0.02399
1953     42     0.01618
1953     43     0.01103
1953     44     0.00652
1953     45     0.00329
1953     46     0.00157
1953     47     0.00071
1953     48     0.00030
1953     49     0.00015
1953     50     0.00008
1953     51     0.00004
1953     52     0.00005
1953     53     0.00003
1953     54     0.00001
1953     55+    0.00000
1954     12-    0.00000
1954     13     0.00003
1954     14     0.00045
1954     15     0.00177
1954     16     0.00706
1954     17     0.01938
1954     18     0.04342
1954     19     0.07853
1954     20     0.11790
1954     21     0.15208
1954     22     0.17767
1954     23     0.19055
1954     24     0.19387
1954     25     0.18338
1954     26     0.17586
1954     27     0.16339
1954     28     0.15074
1954     29     0.14000
1954     30     0.12879
1954     31     0.11631
1954     32     0.10490
1954     33     0.09245
1954     34     0.08608
1954     35     0.07595
1954     36     0.06709
1954     37     0.06026
1954     38     0.05088
1954     39     0.04027
1954     40     0.03154
1954     41     0.02380
1954     42     0.01645
1954     43     0.01090
1954     44     0.00654
1954     45     0.00333
1954     46     0.00161
1954     47     0.00068
1954     48     0.00026
1954     49     0.00015
1954     50     0.00005
1954     51     0.00005
1954     52     0.00004
1954     53     0.00003
1954     54     0.00001
1954     55+    0.00000
1955     12-    0.00001
1955     13     0.00004
1955     14     0.00042
1955     15     0.00188
1955     16     0.00704
1955     17     0.01951
1955     18     0.04270
1955     19     0.07635
1955     20     0.11627
1955     21     0.15246
1955     22     0.17839
1955     23     0.19026
1955     24     0.19591
1955     25     0.18545
1955     26     0.17615
1955     27     0.16560
1955     28     0.14876
1955     29     0.13652
1955     30     0.12608
1955     31     0.11358
1955     32     0.10218
1955     33     0.09114
1955     34     0.08144
1955     35     0.07432
1955     36     0.06409
1955     37     0.05665
1955     38     0.04830
1955     39     0.04008
1955     40     0.03099
1955     41     0.02273
1955     42     0.01595
1955     43     0.01042
1955     44     0.00623
1955     45     0.00323
1955     46     0.00153
1955     47     0.00060
1955     48     0.00023
1955     49     0.00010
1955     50     0.00005
1955     51     0.00005
1955     52     0.00002
1955     53     0.00002
1955     54     0.00003
1955     55+    0.00002
1956     12-    0.00001
1956     13     0.00008
1956     14     0.00045
1956     15     0.00209
1956     16     0.00713
1956     17     0.01993
1956     18     0.04313
1956     19     0.07782
1956     20     0.11541
1956     21     0.15252
1956     22     0.17994
1956     23     0.19258
1956     24     0.19609
1956     25     0.18666
1956     26     0.17736
1956     27     0.16417
1956     28     0.15098
1956     29     0.13675
1956     30     0.12460
1956     31     0.11212
1956     32     0.10226
1956     33     0.09057
1956     34     0.07991
1956     35     0.07101
1956     36     0.06368
1956     37     0.05391
1956     38     0.04605
1956     39     0.03778
1956     40     0.03083
1956     41     0.02210
1956     42     0.01515
1956     43     0.00981
1956     44     0.00563
1956     45     0.00302
1956     46     0.00147
1956     47     0.00056
1956     48     0.00024
1956     49     0.00010
1956     50     0.00004
1956     51     0.00004
1956     52     0.00004
1956     53     0.00002
1956     54     0.00001
1956     55+    0.00001
1957     12-    0.00000
1957     13     0.00009
1957     14     0.00046
1957     15     0.00226
1957     16     0.00793
1957     17     0.01955
1957     18     0.04058
1957     19     0.07276
1957     20     0.11186
1957     21     0.14921
1957     22     0.17984
1957     23     0.19461
1957     24     0.20137
1957     25     0.19182
1957     26     0.18288
1957     27     0.17186
1957     28     0.15556
1957     29     0.14090
1957     30     0.12680
1957     31     0.11269
1957     32     0.10143
1957     33     0.09118
1957     34     0.08016
1957     35     0.07190
1957     36     0.06193
1957     37     0.05535
1957     38     0.04532
1957     39     0.03689
1957     40     0.02974
1957     41     0.02265
1957     42     0.01501
1957     43     0.00960
1957     44     0.00574
1957     45     0.00299
1957     46     0.00152
1957     47     0.00062
1957     48     0.00016
1957     49     0.00010
1957     50     0.00003
1957     51     0.00002
1957     52     0.00002
1957     53     0.00001
1957     54     0.00002
1957     55+    0.00001
1958     12-    0.00002
1958     13     0.00006
1958     14     0.00038
1958     15     0.00206
1958     16     0.00796
1958     17     0.02147
1958     18     0.04169
1958     19     0.07455
1958     20     0.11224
1958     21     0.14924
1958     22     0.18129
1958     23     0.19644
1958     24     0.19860
1958     25     0.19346
1958     26     0.18177
1958     27     0.16933
1958     28     0.15458
1958     29     0.14029
1958     30     0.12581
1958     31     0.11240
1958     32     0.09991
1958     33     0.08834
1958     34     0.07954
1958     35     0.07035
1958     36     0.06075
1958     37     0.05084
1958     38     0.04555
1958     39     0.03720
1958     40     0.02966
1958     41     0.02174
1958     42     0.01558
1958     43     0.00954
1958     44     0.00593
1958     45     0.00302
1958     46     0.00146
1958     47     0.00059
1958     48     0.00025
1958     49     0.00009
1958     50     0.00004
1958     51     0.00003
1958     52     0.00002
1958     53     0.00001
1958     54     0.00001
1958     55+    0.00001
1959     12-    0.00000
1959     13     0.00008
1959     14     0.00055
1959     15     0.00242
1959     16     0.00879
1959     17     0.02228
1959     18     0.04760
1959     19     0.07737
1959     20     0.11651
1959     21     0.15610
1959     22     0.18660
1959     23     0.20273
1959     24     0.20702
1959     25     0.19739
1959     26     0.18557
1959     27     0.17195
1959     28     0.15878
1959     29     0.14356
1959     30     0.12790
1959     31     0.11427
1959     32     0.10107
1959     33     0.09118
1959     34     0.07980
1959     35     0.07121
1959     36     0.06006
1959     37     0.05275
1959     38     0.04343
1959     39     0.03706
1959     40     0.02889
1959     41     0.02262
1959     42     0.01593
1959     43     0.01047
1959     44     0.00567
1959     45     0.00311
1959     46     0.00141
1959     47     0.00052
1959     48     0.00021
1959     49     0.00011
1959     50     0.00004
1959     51     0.00004
1959     52     0.00001
1959     53     0.00002
1959     54     0.00001
1959     55+    0.00001
1960     12-    0.00001
1960     13     0.00008
1960     14     0.00054
1960     15     0.00256
1960     16     0.00932
1960     17     0.02347
1960     18     0.04922
1960     19     0.08500
1960     20     0.11939
1960     21     0.15666
1960     22     0.18861
1960     23     0.20289
1960     24     0.20667
1960     25     0.19851
1960     26     0.18593
1960     27     0.17182
1960     28     0.15513
1960     29     0.14201
1960     30     0.12710
1960     31     0.11265
1960     32     0.10015
1960     33     0.08796
1960     34     0.07784
1960     35     0.06721
1960     36     0.05930
1960     37     0.05039
1960     38     0.04247
1960     39     0.03421
1960     40     0.02833
1960     41     0.02041
1960     42     0.01513
1960     43     0.00936
1960     44     0.00548
1960     45     0.00280
1960     46     0.00127
1960     47     0.00060
1960     48     0.00026
1960     49     0.00014
1960     50     0.00006
1960     51     0.00000
1960     52     0.00001
1960     53     0.00000
1960     54     0.00001
1960     55+    0.00001
1961     12-    0.00000
1961     13     0.00009
1961     14     0.00051
1961     15     0.00247
1961     16     0.01002
1961     17     0.02532
1961     18     0.05061
1961     19     0.08780
1961     20     0.12886
1961     21     0.16286
1961     22     0.19418
1961     23     0.20816
1961     24     0.21293
1961     25     0.20494
1961     26     0.19262
1961     27     0.17769
1961     28     0.16133
1961     29     0.14533
1961     30     0.13044
1961     31     0.11669
1961     32     0.10262
1961     33     0.09044
1961     34     0.07819
1961     35     0.06858
1961     36     0.05939
1961     37     0.05227
1961     38     0.04298
1961     39     0.03451
1961     40     0.02727
1961     41     0.02130
1961     42     0.01445
1961     43     0.00966
1961     44     0.00573
1961     45     0.00312
1961     46     0.00125
1961     47     0.00051
1961     48     0.00024
1961     49     0.00008
1961     50     0.00005
1961     51     0.00003
1961     52     0.00001
1961     53     0.00002
1961     54     0.00001
1961     55+    0.00001
1962     12-    0.00000
1962     13     0.00005
1962     14     0.00047
1962     15     0.00237
1962     16     0.00933
1962     17     0.02528
1962     18     0.05187
1962     19     0.08688
1962     20     0.12742
1962     21     0.16572
1962     22     0.19272
1962     23     0.20745
1962     24     0.21080
1962     25     0.20378
1962     26     0.19205
1962     27     0.17630
1962     28     0.15997
1962     29     0.14494
1962     30     0.12877
1962     31     0.11472
1962     32     0.10085
1962     33     0.08781
1962     34     0.07677
1962     35     0.06742
1962     36     0.05775
1962     37     0.04923
1962     38     0.04127
1962     39     0.03374
1962     40     0.02620
1962     41     0.01899
1962     42     0.01430
1962     43     0.00933
1962     44     0.00557
1962     45     0.00295
1962     46     0.00138
1962     47     0.00060
1962     48     0.00022
1962     49     0.00008
1962     50     0.00009
1962     51     0.00004
1962     52     0.00001
1962     53     0.00001
1962     54     0.00003
1962     55+    0.00000
1963     12-    0.00000
1963     13     0.00007
1963     14     0.00060
1963     15     0.00224
1963     16     0.00944
1963     17     0.02537
1963     18     0.05555
1963     19     0.09519
1963     20     0.13806
1963     21     0.17438
1963     22     0.20526
1963     23     0.21298
1963     24     0.21647
1963     25     0.20784
1963     26     0.19811
1963     27     0.18137
1963     28     0.16558
1963     29     0.14874
1963     30     0.13312
1963     31     0.11760
1963     32     0.10454
1963     33     0.09142
1963     34     0.08025
1963     35     0.06912
1963     36     0.05889
1963     37     0.05020
1963     38     0.04135
1963     39     0.03407
1963     40     0.02614
1963     41     0.01983
1963     42     0.01353
1963     43     0.00923
1963     44     0.00518
1963     45     0.00285
1963     46     0.00147
1963     47     0.00063
1963     48     0.00025
1963     49     0.00011
1963     50     0.00007
1963     51     0.00003
1963     52     0.00003
1963     53     0.00002
1963     54     0.00001
1963     55+    0.00002
1964     12-    0.00000
1964     13     0.00004
1964     14     0.00055
1964     15     0.00246
1964     16     0.00963
1964     17     0.02583
1964     18     0.05623
1964     19     0.10134
1964     20     0.14567
1964     21     0.18312
1964     22     0.20606
1964     23     0.21405
1964     24     0.21462
1964     25     0.20831
1964     26     0.19532
1964     27     0.18031
1964     28     0.16464
1964     29     0.14865
1964     30     0.13206
1964     31     0.11902
1964     32     0.10339
1964     33     0.09162
1964     34     0.07918
1964     35     0.06931
1964     36     0.05917
1964     37     0.04982
1964     38     0.04168
1964     39     0.03379
1964     40     0.02657
1964     41     0.01958
1964     42     0.01368
1964     43     0.00852
1964     44     0.00527
1964     45     0.00288
1964     46     0.00144
1964     47     0.00058
1964     48     0.00023
1964     49     0.00012
1964     50     0.00006
1964     51     0.00004
1964     52     0.00002
1964     53     0.00002
1964     54     0.00000
1964     55+    0.00001
1965     12-    0.00000
1965     13     0.00008
1965     14     0.00041
1965     15     0.00288
1965     16     0.01023
1965     17     0.02682
1965     18     0.05614
1965     19     0.10023
1965     20     0.14695
1965     21     0.18276
1965     22     0.20290
1965     23     0.20863
1965     24     0.20798
1965     25     0.20104
1965     26     0.19031
1965     27     0.17687
1965     28     0.16023
1965     29     0.14476
1965     30     0.12977
1965     31     0.11384
1965     32     0.10068
1965     33     0.08805
1965     34     0.07777
1965     35     0.06733
1965     36     0.05689
1965     37     0.04769
1965     38     0.03980
1965     39     0.03194
1965     40     0.02494
1965     41     0.01889
1965     42     0.01285
1965     43     0.00819
1965     44     0.00490
1965     45     0.00294
1965     46     0.00130
1965     47     0.00061
1965     48     0.00030
1965     49     0.00009
1965     50     0.00006
1965     51     0.00004
1965     52     0.00003
1965     53     0.00003
1965     54     0.00001
1965     55+    0.00000
1966     12-    0.00000
1966     13     0.00010
1966     14     0.00048
1966     15     0.00243
1966     16     0.00936
1966     17     0.02536
1966     18     0.05483
1966     19     0.09758
1966     20     0.14337
1966     21     0.18111
1966     22     0.20220
1966     23     0.20456
1966     24     0.20436
1966     25     0.19403
1966     26     0.18556
1966     27     0.17420
1966     28     0.15852
1966     29     0.14067
1966     30     0.12852
1966     31     0.11395
1966     32     0.10013
1966     33     0.08748
1966     34     0.07649
1966     35     0.06639
1966     36     0.05628
1966     37     0.04686
1966     38     0.03884
1966     39     0.03173
1966     40     0.02496
1966     41     0.01806
1966     42     0.01280
1966     43     0.00837
1966     44     0.00467
1966     45     0.00259
1966     46     0.00125
1966     47     0.00041
1966     48     0.00027
1966     49     0.00011
1966     50     0.00005
1966     51     0.00002
1966     52     0.00002
1966     53     0.00001
1966     54     0.00001
1966     55+    0.00000
1967     12-    0.00000
1967     13     0.00006
1967     14     0.00046
1967     15     0.00227
1967     16     0.00892
1967     17     0.02450
1967     18     0.05201
1967     19     0.09258
1967     20     0.13482
1967     21     0.16844
1967     22     0.19260
1967     23     0.19907
1967     24     0.19442
1967     25     0.18566
1967     26     0.17707
1967     27     0.16596
1967     28     0.15197
1967     29     0.13746
1967     30     0.12276
1967     31     0.10857
1967     32     0.09461
1967     33     0.08353
1967     34     0.07324
1967     35     0.06302
1967     36     0.05410
1967     37     0.04570
1967     38     0.03746
1967     39     0.03013
1967     40     0.02317
1967     41     0.01694
1967     42     0.01159
1967     43     0.00791
1967     44     0.00465
1967     45     0.00231
1967     46     0.00111
1967     47     0.00053
1967     48     0.00019
1967     49     0.00006
1967     50     0.00007
1967     51     0.00004
1967     52     0.00002
1967     53     0.00002
1967     54     0.00000
1967     55+    0.00000
1968     12-    0.00001
1968     13     0.00007
1968     14     0.00045
1968     15     0.00218
1968     16     0.00906
1968     17     0.02458
1968     18     0.05230
1968     19     0.09001
1968     20     0.13097
1968     21     0.16440
1968     22     0.18459
1968     23     0.19284
1968     24     0.19093
1968     25     0.17994
1968     26     0.16934
1968     27     0.15886
1968     28     0.14619
1968     29     0.13448
1968     30     0.11908
1968     31     0.10418
1968     32     0.09231
1968     33     0.08052
1968     34     0.07062
1968     35     0.06087
1968     36     0.05194
1968     37     0.04416
1968     38     0.03634
1968     39     0.02912
1968     40     0.02232
1968     41     0.01656
1968     42     0.01158
1968     43     0.00748
1968     44     0.00446
1968     45     0.00235
1968     46     0.00101
1968     47     0.00045
1968     48     0.00022
1968     49     0.00008
1968     50     0.00005
1968     51     0.00004
1968     52     0.00004
1968     53     0.00002
1968     54     0.00000
1968     55+    0.00000
1969     12-    0.00001
1969     13     0.00006
1969     14     0.00043
1969     15     0.00234
1969     16     0.00911
1969     17     0.02524
1969     18     0.05242
1969     19     0.09034
1969     20     0.12913
1969     21     0.15957
1969     22     0.18085
1969     23     0.18694
1969     24     0.18669
1969     25     0.17716
1969     26     0.16635
1969     27     0.15482
1969     28     0.14143
1969     29     0.13018
1969     30     0.11769
1969     31     0.10331
1969     32     0.08974
1969     33     0.07963
1969     34     0.06820
1969     35     0.05930
1969     36     0.05062
1969     37     0.04280
1969     38     0.03562
1969     39     0.02848
1969     40     0.02200
1969     41     0.01602
1969     42     0.01101
1969     43     0.00730
1969     44     0.00426
1969     45     0.00243
1969     46     0.00116
1969     47     0.00047
1969     48     0.00017
1969     49     0.00011
1969     50     0.00006
1969     51     0.00002
1969     52     0.00007
1969     53     0.00004
1969     54     0.00000
1969     55+    0.00000
1970     12-    0.00000
1970     13     0.00007
1970     14     0.00046
1970     15     0.00231
1970     16     0.00893
1970     17     0.02578
1970     18     0.05395
1970     19     0.09191
1970     20     0.12925
1970     21     0.15865
1970     22     0.17952
1970     23     0.18513
1970     24     0.18401
1970     25     0.17525
1970     26     0.16494
1970     27     0.15001
1970     28     0.13600
1970     29     0.12603
1970     30     0.11223
1970     31     0.09916
1970     32     0.08671
1970     33     0.07494
1970     34     0.06609
1970     35     0.05730
1970     36     0.04877
1970     37     0.04132
1970     38     0.03305
1970     39     0.02704
1970     40     0.02097
1970     41     0.01511
1970     42     0.01029
1970     43     0.00673
1970     44     0.00396
1970     45     0.00211
1970     46     0.00100
1970     47     0.00049
1970     48     0.00020
1970     49     0.00009
1970     50     0.00004
1970     51     0.00004
1970     52     0.00003
1970     53     0.00002
1970     54     0.00001
1970     55+    0.00000
1971     12-    0.00001
1971     13     0.00010
1971     14     0.00049
1971     15     0.00273
1971     16     0.00995
1971     17     0.02700
1971     18     0.05625
1971     19     0.09566
1971     20     0.13246
1971     21     0.16104
1971     22     0.17915
1971     23     0.18745
1971     24     0.18532
1971     25     0.17637
1971     26     0.16604
1971     27     0.15180
1971     28     0.13815
1971     29     0.12250
1971     30     0.11102
1971     31     0.09835
1971     32     0.08656
1971     33     0.07550
1971     34     0.06481
1971     35     0.05706
1971     36     0.04891
1971     37     0.04102
1971     38     0.03313
1971     39     0.02655
1971     40     0.02061
1971     41     0.01548
1971     42     0.01038
1971     43     0.00673
1971     44     0.00379
1971     45     0.00227
1971     46     0.00100
1971     47     0.00045
1971     48     0.00017
1971     49     0.00009
1971     50     0.00005
1971     51     0.00002
1971     52     0.00001
1971     53     0.00003
1971     54     0.00002
1971     55+    0.00000
1972     12-    0.00002
1972     13     0.00006
1972     14     0.00054
1972     15     0.00265
1972     16     0.01072
1972     17     0.02914
1972     18     0.05874
1972     19     0.09771
1972     20     0.13130
1972     21     0.15927
1972     22     0.17580
1972     23     0.18059
1972     24     0.18240
1972     25     0.17148
1972     26     0.15983
1972     27     0.14600
1972     28     0.13256
1972     29     0.11612
1972     30     0.10447
1972     31     0.09379
1972     32     0.08119
1972     33     0.07168
1972     34     0.06054
1972     35     0.05358
1972     36     0.04538
1972     37     0.03828
1972     38     0.03148
1972     39     0.02563
1972     40     0.01935
1972     41     0.01426
1972     42     0.01016
1972     43     0.00640
1972     44     0.00368
1972     45     0.00194
1972     46     0.00089
1972     47     0.00043
1972     48     0.00017
1972     49     0.00009
1972     50     0.00004
1972     51     0.00001
1972     52     0.00003
1972     53     0.00001
1972     54     0.00002
1972     55+    0.00000
1973     12-    0.00000
1973     13     0.00007
1973     14     0.00042
1973     15     0.00278
1973     16     0.01047
1973     17     0.02967
1973     18     0.05972
1973     19     0.09537
1973     20     0.12864
1973     21     0.15353
1973     22     0.16904
1973     23     0.17325
1973     24     0.17340
1973     25     0.16414
1973     26     0.15305
1973     27     0.14051
1973     28     0.12582
1973     29     0.11111
1973     30     0.09813
1973     31     0.08553
1973     32     0.07725
1973     33     0.06680
1973     34     0.05759
1973     35     0.05012
1973     36     0.04209
1973     37     0.03515
1973     38     0.02859
1973     39     0.02327
1973     40     0.01819
1973     41     0.01301
1973     42     0.00913
1973     43     0.00581
1973     44     0.00329
1973     45     0.00170
1973     46     0.00077
1973     47     0.00040
1973     48     0.00019
1973     49     0.00009
1973     50     0.00004
1973     51     0.00003
1973     52     0.00001
1973     53     0.00002
1973     54     0.00001
1973     55+    0.00000
1974     12-    0.00000
1974     13     0.00005
1974     14     0.00045
1974     15     0.00271
1974     16     0.01027
1974     17     0.02767
1974     18     0.05647
1974     19     0.08881
1974     20     0.11795
1974     21     0.13819
1974     22     0.15326
1974     23     0.15929
1974     24     0.16144
1974     25     0.15345
1974     26     0.14377
1974     27     0.13122
1974     28     0.11630
1974     29     0.10251
1974     30     0.09039
1974     31     0.07706
1974     32     0.06742
1974     33     0.05933
1974     34     0.05165
1974     35     0.04364
1974     36     0.03686
1974     37     0.03049
1974     38     0.02540
1974     39     0.02016
1974     40     0.01545
1974     41     0.01149
1974     42     0.00791
1974     43     0.00526
1974     44     0.00292
1974     45     0.00159
1974     46     0.00079
1974     47     0.00030
1974     48     0.00013
1974     49     0.00007
1974     50     0.00005
1974     51     0.00003
1974     52     0.00002
1974     53     0.00001
1974     54     0.00001
1974     55+    0.00000
1975     12-    0.00001
1975     13     0.00004
1975     14     0.00039
1975     15     0.00256
1975     16     0.00938
1975     17     0.02515
1975     18     0.05116
1975     19     0.08223
1975     20     0.10657
1975     21     0.12546
1975     22     0.13930
1975     23     0.14815
1975     24     0.15070
1975     25     0.14555
1975     26     0.13466
1975     27     0.12271
1975     28     0.10915
1975     29     0.09471
1975     30     0.08146
1975     31     0.07031
1975     32     0.06035
1975     33     0.05184
1975     34     0.04504
1975     35     0.03814
1975     36     0.03162
1975     37     0.02571
1975     38     0.02079
1975     39     0.01711
1975     40     0.01267
1975     41     0.00881
1975     42     0.00658
1975     43     0.00413
1975     44     0.00232
1975     45     0.00125
1975     46     0.00057
1975     47     0.00030
1975     48     0.00011
1975     49     0.00005
1975     50     0.00004
1975     51     0.00002
1975     52     0.00003
1975     53     0.00001
1975     54     0.00000
1975     55+    0.00000
1976     12-    0.00000
1976     13     0.00005
1976     14     0.00038
1976     15     0.00203
1976     16     0.00858
1976     17     0.02193
1976     18     0.04659
1976     19     0.07683
1976     20     0.10127
1976     21     0.11927
1976     22     0.13306
1976     23     0.14266
1976     24     0.14515
1976     25     0.14302
1976     26     0.13398
1976     27     0.12062
1976     28     0.10705
1976     29     0.09342
1976     30     0.08003
1976     31     0.06701
1976     32     0.05604
1976     33     0.04664
1976     34     0.03969
1976     35     0.03364
1976     36     0.02755
1976     37     0.02194
1976     38     0.01744
1976     39     0.01369
1976     40     0.01043
1976     41     0.00732
1976     42     0.00514
1976     43     0.00336
1976     44     0.00178
1976     45     0.00101
1976     46     0.00055
1976     47     0.00020
1976     48     0.00010
1976     49     0.00006
1976     50     0.00002
1976     51     0.00002
1976     52     0.00002
1976     53     0.00002
1976     54     0.00000
1976     55+    0.00000
1977     12-    0.00001
1977     13     0.00004
1977     14     0.00034
1977     15     0.00209
1977     16     0.00776
1977     17     0.02087
1977     18     0.04437
1977     19     0.07516
1977     20     0.10046
1977     21     0.12117
1977     22     0.13771
1977     23     0.14702
1977     24     0.15089
1977     25     0.14937
1977     26     0.13972
1977     27     0.12652
1977     28     0.11141
1977     29     0.09694
1977     30     0.08279
1977     31     0.06795
1977     32     0.05730
1977     33     0.04737
1977     34     0.03913
1977     35     0.03176
1977     36     0.02743
1977     37     0.02099
1977     38     0.01610
1977     39     0.01259
1977     40     0.00957
1977     41     0.00662
1977     42     0.00452
1977     43     0.00297
1977     44     0.00173
1977     45     0.00097
1977     46     0.00049
1977     47     0.00024
1977     48     0.00008
1977     49     0.00004
1977     50     0.00001
1977     51     0.00001
1977     52     0.00001
1977     53     0.00001
1977     54     0.00000
1977     55+    0.00000
1978     12-    0.00000
1978     13     0.00004
1978     14     0.00037
1978     15     0.00180
1978     16     0.00701
1978     17     0.01844
1978     18     0.04014
1978     19     0.06823
1978     20     0.09390
1978     21     0.11515
1978     22     0.13417
1978     23     0.14484
1978     24     0.14968
1978     25     0.14667
1978     26     0.14062
1978     27     0.12743
1978     28     0.11242
1978     29     0.09755
1978     30     0.08368
1978     31     0.06925
1978     32     0.05677
1978     33     0.04640
1978     34     0.03926
1978     35     0.03104
1978     36     0.02506
1978     37     0.02036
1978     38     0.01566
1978     39     0.01170
1978     40     0.00882
1978     41     0.00599
1978     42     0.00415
1978     43     0.00269
1978     44     0.00154
1978     45     0.00090
1978     46     0.00049
1978     47     0.00020
1978     48     0.00011
1978     49     0.00003
1978     50     0.00002
1978     51     0.00001
1978     52     0.00001
1978     53     0.00000
1978     54     0.00001
1978     55+    0.00000
1979     12-    0.00001
1979     13     0.00005
1979     14     0.00029
1979     15     0.00178
1979     16     0.00613
1979     17     0.01664
1979     18     0.03596
1979     19     0.06461
1979     20     0.09030
1979     21     0.11382
1979     22     0.13277
1979     23     0.14708
1979     24     0.15318
1979     25     0.15205
1979     26     0.14611
1979     27     0.13379
1979     28     0.11791
1979     29     0.10356
1979     30     0.08737
1979     31     0.07359
1979     32     0.06026
1979     33     0.04908
1979     34     0.04015
1979     35     0.03256
1979     36     0.02528
1979     37     0.01993
1979     38     0.01650
1979     39     0.01171
1979     40     0.00832
1979     41     0.00604
1979     42     0.00383
1979     43     0.00249
1979     44     0.00150
1979     45     0.00075
1979     46     0.00040
1979     47     0.00016
1979     48     0.00011
1979     49     0.00006
1979     50     0.00002
1979     51     0.00001
1979     52     0.00001
1979     53     0.00001
1979     54     0.00001
1979     55+    0.00000
1980     12-    0.00000
1980     13     0.00005
1980     14     0.00031
1980     15     0.00176
1980     16     0.00646
1980     17     0.01615
1980     18     0.03567
1980     19     0.06312
1980     20     0.08945
1980     21     0.11527
1980     22     0.13656
1980     23     0.15195
1980     24     0.16053
1980     25     0.16124
1980     26     0.15370
1980     27     0.14217
1980     28     0.12605
1980     29     0.11099
1980     30     0.09572
1980     31     0.07970
1980     32     0.06597
1980     33     0.05321
1980     34     0.04373
1980     35     0.03461
1980     36     0.02774
1980     37     0.02148
1980     38     0.01624
1980     39     0.01263
1980     40     0.00878
1980     41     0.00589
1980     42     0.00373
1980     43     0.00240
1980     44     0.00153
1980     45     0.00071
1980     46     0.00039
1980     47     0.00018
1980     48     0.00009
1980     49     0.00008
1980     50     0.00004
1980     51     0.00002
1980     52     0.00001
1980     53     0.00001
1980     54     0.00000
1980     55+    0.00000
1981     12-    0.00000
1981     13     0.00005
1981     14     0.00034
1981     15     0.00167
1981     16     0.00586
1981     17     0.01498
1981     18     0.03232
1981     19     0.05855
1981     20     0.08431
1981     21     0.11029
1981     22     0.13250
1981     23     0.14961
1981     24     0.15816
1981     25     0.16121
1981     26     0.15495
1981     27     0.14338
1981     28     0.12906
1981     29     0.11350
1981     30     0.09895
1981     31     0.08254
1981     32     0.06838
1981     33     0.05678
1981     34     0.04548
1981     35     0.03637
1981     36     0.02950
1981     37     0.02311
1981     38     0.01688
1981     39     0.01266
1981     40     0.00943
1981     41     0.00637
1981     42     0.00370
1981     43     0.00224
1981     44     0.00137
1981     45     0.00079
1981     46     0.00039
1981     47     0.00021
1981     48     0.00013
1981     49     0.00005
1981     50     0.00005
1981     51     0.00003
1981     52     0.00001
1981     53     0.00001
1981     54     0.00000
1981     55+    0.00000
1982     12-    0.00002
1982     13     0.00005
1982     14     0.00036
1982     15     0.00155
1982     16     0.00551
1982     17     0.01406
1982     18     0.02966
1982     19     0.05502
1982     20     0.08065
1982     21     0.10573
1982     22     0.12878
1982     23     0.14591
1982     24     0.15657
1982     25     0.15820
1982     26     0.15364
1982     27     0.14157
1982     28     0.12811
1982     29     0.11381
1982     30     0.09864
1982     31     0.08215
1982     32     0.06868
1982     33     0.05595
1982     34     0.04593
1982     35     0.03669
1982     36     0.02854
1982     37     0.02248
1982     38     0.01707
1982     39     0.01248
1982     40     0.00900
1982     41     0.00669
1982     42     0.00430
1982     43     0.00239
1982     44     0.00144
1982     45     0.00074
1982     46     0.00042
1982     47     0.00024
1982     48     0.00011
1982     49     0.00006
1982     50     0.00004
1982     51     0.00002
1982     52     0.00001
1982     53     0.00000
1982     54     0.00001
1982     55+    0.00000
1983     12-    0.00000
1983     13     0.00005
1983     14     0.00036
1983     15     0.00149
1983     16     0.00500
1983     17     0.01246
1983     18     0.02654
1983     19     0.04834
1983     20     0.07258
1983     21     0.09702
1983     22     0.11934
1983     23     0.13602
1983     24     0.14483
1983     25     0.14993
1983     26     0.14335
1983     27     0.13418
1983     28     0.12100
1983     29     0.10765
1983     30     0.09250
1983     31     0.07809
1983     32     0.06413
1983     33     0.05326
1983     34     0.04265
1983     35     0.03492
1983     36     0.02672
1983     37     0.02089
1983     38     0.01630
1983     39     0.01182
1983     40     0.00847
1983     41     0.00578
1983     42     0.00387
1983     43     0.00259
1983     44     0.00136
1983     45     0.00074
1983     46     0.00031
1983     47     0.00023
1983     48     0.00009
1983     49     0.00007
1983     50     0.00003
1983     51     0.00002
1983     52     0.00001
1983     53     0.00001
1983     54     0.00000
1983     55+    0.00000
1984     12-    0.00000
1984     13     0.00004
1984     14     0.00034
1984     15     0.00151
1984     16     0.00484
1984     17     0.01169
1984     18     0.02428
1984     19     0.04575
1984     20     0.06828
1984     21     0.09230
1984     22     0.11608
1984     23     0.13374
1984     24     0.14748
1984     25     0.15141
1984     26     0.14802
1984     27     0.13775
1984     28     0.12549
1984     29     0.10990
1984     30     0.09601
1984     31     0.08032
1984     32     0.06705
1984     33     0.05522
1984     34     0.04545
1984     35     0.03582
1984     36     0.02894
1984     37     0.02147
1984     38     0.01623
1984     39     0.01253
1984     40     0.00884
1984     41     0.00591
1984     42     0.00410
1984     43     0.00255
1984     44     0.00148
1984     45     0.00073
1984     46     0.00041
1984     47     0.00021
1984     48     0.00010
1984     49     0.00007
1984     50     0.00006
1984     51     0.00002
1984     52     0.00001
1984     53     0.00002
1984     54     0.00000
1984     55+    0.00000
1985     12-    0.00000
1985     13     0.00006
1985     14     0.00032
1985     15     0.00136
1985     16     0.00435
1985     17     0.01034
1985     18     0.02211
1985     19     0.04066
1985     20     0.06189
1985     21     0.08580
1985     22     0.11100
1985     23     0.13150
1985     24     0.14472
1985     25     0.15371
1985     26     0.14992
1985     27     0.14198
1985     28     0.12948
1985     29     0.11397
1985     30     0.10001
1985     31     0.08427
1985     32     0.07141
1985     33     0.05933
1985     34     0.04862
1985     35     0.03916
1985     36     0.03009
1985     37     0.02360
1985     38     0.01692
1985     39     0.01271
1985     40     0.00926
1985     41     0.00642
1985     42     0.00396
1985     43     0.00249
1985     44     0.00166
1985     45     0.00077
1985     46     0.00035
1985     47     0.00019
1985     48     0.00009
1985     49     0.00005
1985     50     0.00005
1985     51     0.00004
1985     52     0.00002
1985     53     0.00003
1985     54     0.00001
1985     55+    0.00000
1986     12-    0.00000
1986     13     0.00004
1986     14     0.00034
1986     15     0.00129
1986     16     0.00404
1986     17     0.00966
1986     18     0.02117
1986     19     0.03874
1986     20     0.05815
1986     21     0.08093
1986     22     0.10451
1986     23     0.12721
1986     24     0.14343
1986     25     0.15243
1986     26     0.15329
1986     27     0.14547
1986     28     0.13315
1986     29     0.11875
1986     30     0.10466
1986     31     0.08925
1986     32     0.07472
1986     33     0.06208
1986     34     0.05195
1986     35     0.04149
1986     36     0.03246
1986     37     0.02429
1986     38     0.01895
1986     39     0.01356
1986     40     0.00962
1986     41     0.00646
1986     42     0.00407
1986     43     0.00252
1986     44     0.00147
1986     45     0.00076
1986     46     0.00045
1986     47     0.00023
1986     48     0.00012
1986     49     0.00008
1986     50     0.00005
1986     51     0.00003
1986     52     0.00002
1986     53     0.00001
1986     54     0.00002
1986     55+    0.00000
1987     12-    0.00000
1987     13     0.00006
1987     14     0.00027
1987     15     0.00117
1987     16     0.00378
1987     17     0.00894
1987     18     0.01955
1987     19     0.03551
1987     20     0.05281
1987     21     0.07310
1987     22     0.09656
1987     23     0.11856
1987     24     0.13681
1987     25     0.14886
1987     26     0.14877
1987     27     0.14548
1987     28     0.13438
1987     29     0.12053
1987     30     0.10573
1987     31     0.09066
1987     32     0.07663
1987     33     0.06472
1987     34     0.05346
1987     35     0.04388
1987     36     0.03479
1987     37     0.02627
1987     38     0.01943
1987     39     0.01454
1987     40     0.01009
1987     41     0.00650
1987     42     0.00442
1987     43     0.00259
1987     44     0.00155
1987     45     0.00066
1987     46     0.00043
1987     47     0.00023
1987     48     0.00010
1987     49     0.00007
1987     50     0.00002
1987     51     0.00004
1987     52     0.00002
1987     53     0.00002
1987     54     0.00000
1987     55+    0.00000
1988     12-    0.00001
1988     13     0.00006
1988     14     0.00027
1988     15     0.00104
1988     16     0.00350
1988     17     0.00832
1988     18     0.01818
1988     19     0.03461
1988     20     0.05086
1988     21     0.06903
1988     22     0.09167
1988     23     0.11329
1988     24     0.13238
1988     25     0.14652
1988     26     0.14956
1988     27     0.14482
1988     28     0.13633
1988     29     0.12253
1988     30     0.10961
1988     31     0.09425
1988     32     0.08040
1988     33     0.06738
1988     34     0.05645
1988     35     0.04575
1988     36     0.03723
1988     37     0.02817
1988     38     0.02115
1988     39     0.01513
1988     40     0.01042
1988     41     0.00701
1988     42     0.00438
1988     43     0.00261
1988     44     0.00134
1988     45     0.00070
1988     46     0.00034
1988     47     0.00024
1988     48     0.00014
1988     49     0.00006
1988     50     0.00003
1988     51     0.00003
1988     52     0.00002
1988     53     0.00002
1988     54     0.00000
1988     55+    0.00000
1989     12-    0.00001
1989     13     0.00004
1989     14     0.00028
1989     15     0.00104
1989     16     0.00339
1989     17     0.00798
1989     18     0.01738
1989     19     0.03226
1989     20     0.04792
1989     21     0.06695
1989     22     0.08672
1989     23     0.10762
1989     24     0.12788
1989     25     0.14099
1989     26     0.14677
1989     27     0.14452
1989     28     0.13522
1989     29     0.12398
1989     30     0.11044
1989     31     0.09560
1989     32     0.08117
1989     33     0.06890
1989     34     0.05768
1989     35     0.04763
1989     36     0.03819
1989     37     0.02963
1989     38     0.02265
1989     39     0.01626
1989     40     0.01134
1989     41     0.00757
1989     42     0.00450
1989     43     0.00271
1989     44     0.00145
1989     45     0.00073
1989     46     0.00043
1989     47     0.00019
1989     48     0.00014
1989     49     0.00008
1989     50     0.00005
1989     51     0.00006
1989     52     0.00002
1989     53     0.00002
1989     54     0.00002
1989     55+    0.00000
1990     12-    0.00001
1990     13     0.00005
1990     14     0.00027
1990     15     0.00103
1990     16     0.00351
1990     17     0.00778
1990     18     0.01689
1990     19     0.03130
1990     20     0.04580
1990     21     0.06348
1990     22     0.08342
1990     23     0.10291
1990     24     0.12228
1990     25     0.13905
1990     26     0.14431
1990     27     0.14339
1990     28     0.13694
1990     29     0.12494
1990     30     0.11276
1990     31     0.09698
1990     32     0.08267
1990     33     0.07014
1990     34     0.05924
1990     35     0.04885
1990     36     0.03949
1990     37     0.03022
1990     38     0.02329
1990     39     0.01726
1990     40     0.01189
1990     41     0.00778
1990     42     0.00497
1990     43     0.00275
1990     44     0.00152
1990     45     0.00081
1990     46     0.00037
1990     47     0.00017
1990     48     0.00014
1990     49     0.00009
1990     50     0.00004
1990     51     0.00001
1990     52     0.00001
1990     53     0.00001
1990     54     0.00001
1990     55+    0.00000
1991     12-    0.00001
1991     13     0.00005
1991     14     0.00025
1991     15     0.00106
1991     16     0.00346
1991     17     0.00784
1991     18     0.01681
1991     19     0.03055
1991     20     0.04379
1991     21     0.06090
1991     22     0.07985
1991     23     0.10011
1991     24     0.11927
1991     25     0.13643
1991     26     0.14471
1991     27     0.14393
1991     28     0.13657
1991     29     0.12562
1991     30     0.11293
1991     31     0.09769
1991     32     0.08357
1991     33     0.07070
1991     34     0.05954
1991     35     0.05010
1991     36     0.03986
1991     37     0.03169
1991     38     0.02403
1991     39     0.01775
1991     40     0.01241
1991     41     0.00783
1991     42     0.00482
1991     43     0.00287
1991     44     0.00150
1991     45     0.00078
1991     46     0.00043
1991     47     0.00023
1991     48     0.00012
1991     49     0.00006
1991     50     0.00007
1991     51     0.00002
1991     52     0.00003
1991     53     0.00001
1991     54     0.00001
1991     55+    0.00000
1992     12-    0.00000
1992     13     0.00003
1992     14     0.00024
1992     15     0.00107
1992     16     0.00341
1992     17     0.00768
1992     18     0.01620
1992     19     0.02847
1992     20     0.04086
1992     21     0.05576
1992     22     0.07381
1992     23     0.09383
1992     24     0.11380
1992     25     0.13026
1992     26     0.13981
1992     27     0.14125
1992     28     0.13688
1992     29     0.12545
1992     30     0.11342
1992     31     0.09830
1992     32     0.08453
1992     33     0.07082
1992     34     0.06054
1992     35     0.04986
1992     36     0.04056
1992     37     0.03188
1992     38     0.02475
1992     39     0.01848
1992     40     0.01281
1992     41     0.00837
1992     42     0.00492
1992     43     0.00284
1992     44     0.00154
1992     45     0.00078
1992     46     0.00037
1992     47     0.00019
1992     48     0.00007
1992     49     0.00006
1992     50     0.00004
1992     51     0.00004
1992     52     0.00003
1992     53     0.00001
1992     54     0.00000
1992     55+    0.00000
1993     12-    0.00000
1993     13     0.00003
1993     14     0.00023
1993     15     0.00099
1993     16     0.00310
1993     17     0.00740
1993     18     0.01522
1993     19     0.02694
1993     20     0.03702
1993     21     0.05075
1993     22     0.06609
1993     23     0.08540
1993     24     0.10561
1993     25     0.12215
1993     26     0.13315
1993     27     0.13604
1993     28     0.13253
1993     29     0.12387
1993     30     0.11151
1993     31     0.09652
1993     32     0.08284
1993     33     0.07077
1993     34     0.05855
1993     35     0.04899
1993     36     0.03963
1993     37     0.03073
1993     38     0.02395
1993     39     0.01833
1993     40     0.01271
1993     41     0.00858
1993     42     0.00525
1993     43     0.00291
1993     44     0.00157
1993     45     0.00069
1993     46     0.00036
1993     47     0.00014
1993     48     0.00009
1993     49     0.00004
1993     50     0.00003
1993     51     0.00002
1993     52     0.00004
1993     53     0.00001
1993     54     0.00000
1993     55+    0.00000
1994     12-    0.00000
1994     13     0.00003
1994     14     0.00022
1994     15     0.00096
1994     16     0.00275
1994     17     0.00693
1994     18     0.01402
1994     19     0.02527
1994     20     0.03531
1994     21     0.04717
1994     22     0.06286
1994     23     0.08021
1994     24     0.10096
1994     25     0.11917
1994     26     0.13278
1994     27     0.13778
1994     28     0.13482
1994     29     0.12712
1994     30     0.11541
1994     31     0.09997
1994     32     0.08523
1994     33     0.07258
1994     34     0.06175
1994     35     0.05087
1994     36     0.04111
1994     37     0.03194
1994     38     0.02462
1994     39     0.01840
1994     40     0.01312
1994     41     0.00867
1994     42     0.00541
1994     43     0.00292
1994     44     0.00155
1994     45     0.00080
1994     46     0.00035
1994     47     0.00012
1994     48     0.00009
1994     49     0.00005
1994     50     0.00003
1994     51     0.00002
1994     52     0.00002
1994     53     0.00004
1994     54     0.00000
1994     55+    0.00000
1995     12-    0.00000
1995     13     0.00004
1995     14     0.00022
1995     15     0.00094
1995     16     0.00263
1995     17     0.00663
1995     18     0.01368
1995     19     0.02463
1995     20     0.03401
1995     21     0.04645
1995     22     0.06007
1995     23     0.07783
1995     24     0.09884
1995     25     0.11883
1995     26     0.13444
1995     27     0.14286
1995     28     0.14086
1995     29     0.13342
1995     30     0.12254
1995     31     0.10783
1995     32     0.09234
1995     33     0.07753
1995     34     0.06554
1995     35     0.05460
1995     36     0.04353
1995     37     0.03353
1995     38     0.02602
1995     39     0.01937
1995     40     0.01371
1995     41     0.00904
1995     42     0.00545
1995     43     0.00317
1995     44     0.00162
1995     45     0.00084
1995     46     0.00030
1995     47     0.00017
1995     48     0.00008
1995     49     0.00005
1995     50     0.00004
1995     51     0.00002
1995     52     0.00000
1995     53     0.00001
1995     54     0.00001
1995     55+    0.00000
1996     12-    0.00001
1996     13     0.00005
1996     14     0.00020
1996     15     0.00087
1996     16     0.00288
1996     17     0.00674
1996     18     0.01352
1996     19     0.02424
1996     20     0.03447
1996     21     0.04485
1996     22     0.05935
1996     23     0.07421
1996     24     0.09484
1996     25     0.11625
1996     26     0.13303
1996     27     0.14219
1996     28     0.14340
1996     29     0.13692
1996     30     0.12659
1996     31     0.11150
1996     32     0.09600
1996     33     0.08117
1996     34     0.06814
1996     35     0.05687
1996     36     0.04608
1996     37     0.03597
1996     38     0.02726
1996     39     0.02030
1996     40     0.01432
1996     41     0.00950
1996     42     0.00572
1996     43     0.00340
1996     44     0.00161
1996     45     0.00087
1996     46     0.00036
1996     47     0.00012
1996     48     0.00007
1996     49     0.00005
1996     50     0.00003
1996     51     0.00000
1996     52     0.00000
1996     53     0.00000
1996     54     0.00000
1996     55+    0.00000
1997     12-    0.00000
1997     13     0.00003
1997     14     0.00025
1997     15     0.00096
1997     16     0.00298
1997     17     0.00644
1997     18     0.01358
1997     19     0.02386
1997     20     0.03320
1997     21     0.04440
1997     22     0.05724
1997     23     0.07358
1997     24     0.09202
1997     25     0.11216
1997     26     0.12941
1997     27     0.13977
1997     28     0.14099
1997     29     0.13796
1997     30     0.12691
1997     31     0.11239
1997     32     0.09732
1997     33     0.08272
1997     34     0.06958
1997     35     0.05784
1997     36     0.04690
1997     37     0.03715
1997     38     0.02818
1997     39     0.02124
1997     40     0.01492
1997     41     0.00966
1997     42     0.00606
1997     43     0.00342
1997     44     0.00184
1997     45     0.00089
1997     46     0.00037
1997     47     0.00015
1997     48     0.00004
1997     49     0.00003
1997     50     0.00002
1997     51     0.00001
1997     52     0.00001
1997     53     0.00000
1997     54     0.00001
1997     55+    0.00000
1998     12-    0.00001
1998     13     0.00003
1998     14     0.00025
1998     15     0.00090
1998     16     0.00282
1998     17     0.00660
1998     18     0.01345
1998     19     0.02386
1998     20     0.03330
1998     21     0.04440
1998     22     0.05676
1998     23     0.07184
1998     24     0.09128
1998     25     0.11189
1998     26     0.12832
1998     27     0.14141
1998     28     0.14478
1998     29     0.14121
1998     30     0.13077
1998     31     0.11706
1998     32     0.10112
1998     33     0.08658
1998     34     0.07386
1998     35     0.06158
1998     36     0.04915
1998     37     0.03887
1998     38     0.02984
1998     39     0.02261
1998     40     0.01563
1998     41     0.01049
1998     42     0.00652
1998     43     0.00362
1998     44     0.00196
1998     45     0.00084
1998     46     0.00037
1998     47     0.00016
1998     48     0.00008
1998     49     0.00002
1998     50     0.00008
1998     51     0.00000
1998     52     0.00000
1998     53     0.00000
1998     54     0.00000
1998     55+    0.00000
1999     12-    0.00000
1999     13     0.00005
1999     14     0.00022
1999     15     0.00097
1999     16     0.00297
1999     17     0.00682
1999     18     0.01431
1999     19     0.02505
1999     20     0.03405
1999     21     0.04584
1999     22     0.05794
1999     23     0.07339
1999     24     0.09050
1999     25     0.11123
1999     26     0.12870
1999     27     0.14068
1999     28     0.14381
1999     29     0.14144
1999     30     0.13189
1999     31     0.11986
1999     32     0.10484
1999     33     0.08919
1999     34     0.07671
1999     35     0.06372
1999     36     0.05148
1999     37     0.03988
1999     38     0.03128
1999     39     0.02359
1999     40     0.01642
1999     41     0.01081
1999     42     0.00670
1999     43     0.00368
1999     44     0.00188
1999     45     0.00099
1999     46     0.00039
1999     47     0.00020
1999     48     0.00008
1999     49     0.00006
1999     50     0.00007
1999     51     0.00000
1999     52     0.00000
1999     53     0.00000
1999     54     0.00000
1999     55+    0.00000
2000     12-    0.00001
2000     13     0.00004
2000     14     0.00022
2000     15     0.00103
2000     16     0.00329
2000     17     0.00733
2000     18     0.01542
2000     19     0.02701
2000     20     0.03747
2000     21     0.04800
2000     22     0.06017
2000     23     0.07460
2000     24     0.09507
2000     25     0.11433
2000     26     0.13254
2000     27     0.14415
2000     28     0.14937
2000     29     0.14812
2000     30     0.13996
2000     31     0.12432
2000     32     0.10979
2000     33     0.09444
2000     34     0.08011
2000     35     0.06695
2000     36     0.05480
2000     37     0.04282
2000     38     0.03310
2000     39     0.02539
2000     40     0.01784
2000     41     0.01194
2000     42     0.00711
2000     43     0.00423
2000     44     0.00211
2000     45     0.00089
2000     46     0.00035
2000     47     0.00016
2000     48     0.00008
2000     49     0.00003
2000     50     0.00002
2000     51     0.00002
2000     52     0.00000
2000     53     0.00001
2000     54     0.00002
2000     55+    0.00000
2001     12-    0.00000
2001     13     0.00003
2001     14     0.00025
2001     15     0.00108
2001     16     0.00358
2001     17     0.00795
2001     18     0.01596
2001     19     0.02816
2001     20     0.03911
2001     21     0.04947
2001     22     0.06216
2001     23     0.07583
2001     24     0.09244
2001     25     0.11264
2001     26     0.12991
2001     27     0.14163
2001     28     0.14681
2001     29     0.14545
2001     30     0.13789
2001     31     0.12565
2001     32     0.10973
2001     33     0.09548
2001     34     0.08120
2001     35     0.06874
2001     36     0.05509
2001     37     0.04458
2001     38     0.03414
2001     39     0.02548
2001     40     0.01816
2001     41     0.01233
2001     42     0.00782
2001     43     0.00432
2001     44     0.00222
2001     45     0.00100
2001     46     0.00046
2001     47     0.00017
2001     48     0.00010
2001     49     0.00004
2001     50     0.00003
2001     51     0.00001
2001     52     0.00001
2001     53     0.00001
2001     54     0.00002
2001     55+    0.00000
2002     12-    0.00000
2002     13     0.00002
2002     14     0.00021
2002     15     0.00104
2002     16     0.00320
2002     17     0.00733
2002     18     0.01574
2002     19     0.02734
2002     20     0.03764
2002     21     0.04819
2002     22     0.06035
2002     23     0.07439
2002     24     0.09059
2002     25     0.11030
2002     26     0.12708
2002     27     0.14010
2002     28     0.14723
2002     29     0.14463
2002     30     0.13833
2002     31     0.12617
2002     32     0.10963
2002     33     0.09434
2002     34     0.08208
2002     35     0.06835
2002     36     0.05660
2002     37     0.04545
2002     38     0.03467
2002     39     0.02631
2002     40     0.01871
2002     41     0.01229
2002     42     0.00788
2002     43     0.00448
2002     44     0.00227
2002     45     0.00100
2002     46     0.00049
2002     47     0.00021
2002     48     0.00007
2002     49     0.00006
2002     50     0.00001
2002     51     0.00002
2002     52     0.00001
2002     53     0.00000
2002     54     0.00002
2002     55+    0.00000
2003     12-    0.00001
2003     13     0.00002
2003     14     0.00022
2003     15     0.00099
2003     16     0.00298
2003     17     0.00716
2003     18     0.01480
2003     19     0.02703
2003     20     0.03653
2003     21     0.04756
2003     22     0.05948
2003     23     0.07265
2003     24     0.09047
2003     25     0.10887
2003     26     0.12588
2003     27     0.14038
2003     28     0.14721
2003     29     0.14686
2003     30     0.13920
2003     31     0.12691
2003     32     0.11277
2003     33     0.09793
2003     34     0.08332
2003     35     0.07046
2003     36     0.05747
2003     37     0.04525
2003     38     0.03554
2003     39     0.02701
2003     40     0.01960
2003     41     0.01293
2003     42     0.00769
2003     43     0.00471
2003     44     0.00243
2003     45     0.00113
2003     46     0.00050
2003     47     0.00023
2003     48     0.00011
2003     49     0.00006
2003     50     0.00004
2003     51     0.00001
2003     52     0.00001
2003     53     0.00001
2003     54     0.00000
2003     55+    0.00000
2004     12-    0.00001
2004     13     0.00003
2004     14     0.00022
2004     15     0.00093
2004     16     0.00296
2004     17     0.00736
2004     18     0.01487
2004     19     0.02627
2004     20     0.03741
2004     21     0.04741
2004     22     0.05952
2004     23     0.07421
2004     24     0.09073
2004     25     0.10995
2004     26     0.12634
2004     27     0.13877
2004     28     0.14638
2004     29     0.14817
2004     30     0.14134
2004     31     0.12985
2004     32     0.11593
2004     33     0.09938
2004     34     0.08556
2004     35     0.07225
2004     36     0.05943
2004     37     0.04657
2004     38     0.03675
2004     39     0.02824
2004     40     0.02025
2004     41     0.01317
2004     42     0.00836
2004     43     0.00483
2004     44     0.00256
2004     45     0.00122
2004     46     0.00060
2004     47     0.00027
2004     48     0.00014
2004     49     0.00006
2004     50     0.00003
2004     51     0.00002
2004     52     0.00001
2004     53     0.00001
2004     54     0.00001
2004     55+    0.00000
2005     12-    0.00000
2005     13     0.00004
2005     14     0.00023
2005     15     0.00083
2005     16     0.00289
2005     17     0.00683
2005     18     0.01464
2005     19     0.02576
2005     20     0.03633
2005     21     0.04729
2005     22     0.05911
2005     23     0.07380
2005     24     0.08915
2005     25     0.10838
2005     26     0.12511
2005     27     0.13938
2005     28     0.14643
2005     29     0.14860
2005     30     0.14399
2005     31     0.13270
2005     32     0.11865
2005     33     0.10405
2005     34     0.08920
2005     35     0.07505
2005     36     0.06083
2005     37     0.04931
2005     38     0.03828
2005     39     0.02874
2005     40     0.02141
2005     41     0.01416
2005     42     0.00865
2005     43     0.00504
2005     44     0.00260
2005     45     0.00134
2005     46     0.00064
2005     47     0.00031
2005     48     0.00012
2005     49     0.00007
2005     50     0.00005
2005     51     0.00002
2005     52     0.00000
2005     53     0.00001
2005     54     0.00001
2005     55+    0.00000
2006     12-    0.00000
2006     13     0.00005
2006     14     0.00022
2006     15     0.00094
2006     16     0.00281
2006     17     0.00683
2006     18     0.01414
2006     19     0.02603
2006     20     0.03651
2006     21     0.04792
2006     22     0.06068
2006     23     0.07475
2006     24     0.09214
2006     25     0.11028
2006     26     0.12705
2006     27     0.14209
2006     28     0.15042
2006     29     0.15201
2006     30     0.14830
2006     31     0.13778
2006     32     0.12344
2006     33     0.10856
2006     34     0.09393
2006     35     0.07936
2006     36     0.06556
2006     37     0.05173
2006     38     0.04034
2006     39     0.03086
2006     40     0.02212
2006     41     0.01481
2006     42     0.00913
2006     43     0.00534
2006     44     0.00257
2006     45     0.00126
2006     46     0.00060
2006     47     0.00030
2006     48     0.00015
2006     49     0.00012
2006     50     0.00005
2006     51     0.00003
2006     52     0.00002
2006     53     0.00001
2006     54     0.00002
2006     55+    0.00000
2007     12-    0.00001
2007     13     0.00003
2007     14     0.00022
2007     15     0.00092
2007     16     0.00295
2007     17     0.00680
2007     18     0.01404
2007     19     0.02511
2007     20     0.03591
2007     21     0.04670
2007     22     0.05914
2007     23     0.07339
2007     24     0.08830
2007     25     0.10859
2007     26     0.12374
2007     27     0.13910
2007     28     0.14806
2007     29     0.15011
2007     30     0.14553
2007     31     0.13619
2007     32     0.12383
2007     33     0.10797
2007     34     0.09437
2007     35     0.08017
2007     36     0.06583
2007     37     0.05224
2007     38     0.04101
2007     39     0.03109
2007     40     0.02277
2007     41     0.01538
2007     42     0.00925
2007     43     0.00558
2007     44     0.00279
2007     45     0.00137
2007     46     0.00062
2007     47     0.00028
2007     48     0.00014
2007     49     0.00013
2007     50     0.00006
2007     51     0.00003
2007     52     0.00002
2007     53     0.00001
2007     54     0.00001
2007     55+    0.00000
2008     12-    0.00001
2008     13     0.00003
2008     14     0.00022
2008     15     0.00092
2008     16     0.00295
2008     17     0.00674
2008     18     0.01423
2008     19     0.02513
2008     20     0.03577
2008     21     0.04818
2008     22     0.06022
2008     23     0.07457
2008     24     0.08996
2008     25     0.10816
2008     26     0.12528
2008     27     0.13866
2008     28     0.14876
2008     29     0.15127
2008     30     0.14785
2008     31     0.14001
2008     32     0.12700
2008     33     0.11008
2008     34     0.09590
2008     35     0.08194
2008     36     0.06804
2008     37     0.05350
2008     38     0.04218
2008     39     0.03282
2008     40     0.02306
2008     41     0.01558
2008     42     0.01016
2008     43     0.00593
2008     44     0.00300
2008     45     0.00147
2008     46     0.00070
2008     47     0.00033
2008     48     0.00022
2008     49     0.00012
2008     50     0.00008
2008     51     0.00004
2008     52     0.00001
2008     53     0.00003
2008     54     0.00002
2008     55+    0.00000
2009     12-    0.00000
2009     13     0.00005
2009     14     0.00025
2009     15     0.00104
2009     16     0.00290
2009     17     0.00653
2009     18     0.01349
2009     19     0.02450
2009     20     0.03524
2009     21     0.04655
2009     22     0.05945
2009     23     0.07313
2009     24     0.09022
2009     25     0.10901
2009     26     0.12360
2009     27     0.13736
2009     28     0.14649
2009     29     0.15060
2009     30     0.14773
2009     31     0.14080
2009     32     0.12735
2009     33     0.11204
2009     34     0.09756
2009     35     0.08315
2009     36     0.06881
2009     37     0.05469
2009     38     0.04288
2009     39     0.03295
2009     40     0.02352
2009     41     0.01605
2009     42     0.01009
2009     43     0.00597
2009     44     0.00310
2009     45     0.00148
2009     46     0.00077
2009     47     0.00033
2009     48     0.00017
2009     49     0.00012
2009     50     0.00009
2009     51     0.00008
2009     52     0.00004
2009     53     0.00002
2009     54     0.00002
2009     55+    0.00000
2010     12-    0.00001
2010     13     0.00005
2010     14     0.00026
2010     15     0.00103
2010     16     0.00293
2010     17     0.00670
2010     18     0.01316
2010     19     0.02417
2010     20     0.03454
2010     21     0.04644
2010     22     0.05949
2010     23     0.07493
2010     24     0.09030
2010     25     0.10854
2010     26     0.12429
2010     27     0.13863
2010     28     0.14701
2010     29     0.15110
2010     30     0.15041
2010     31     0.14245
2010     32     0.12963
2010     33     0.11553
2010     34     0.10034
2010     35     0.08590
2010     36     0.07075
2010     37     0.05586
2010     38     0.04408
2010     39     0.03398
2010     40     0.02479
2010     41     0.01640
2010     42     0.01050
2010     43     0.00622
2010     44     0.00328
2010     45     0.00171
2010     46     0.00088
2010     47     0.00042
2010     48     0.00020
2010     49     0.00014
2010     50     0.00011
2010     51     0.00007
2010     52     0.00006
2010     53     0.00002
2010     54     0.00002
2010     55+    0.00000
2011     12-    0.00000
2011     13     0.00005
2011     14     0.00024
2011     15     0.00101
2011     16     0.00304
2011     17     0.00643
2011     18     0.01298
2011     19     0.02375
2011     20     0.03362
2011     21     0.04409
2011     22     0.05738
2011     23     0.07226
2011     24     0.08958
2011     25     0.10732
2011     26     0.12247
2011     27     0.13664
2011     28     0.14523
2011     29     0.14825
2011     30     0.14580
2011     31     0.13943
2011     32     0.12921
2011     33     0.11533
2011     34     0.10088
2011     35     0.08726
2011     36     0.07131
2011     37     0.05715
2011     38     0.04456
2011     39     0.03480
2011     40     0.02534
2011     41     0.01749
2011     42     0.01072
2011     43     0.00646
2011     44     0.00366
2011     45     0.00172
2011     46     0.00081
2011     47     0.00042
2011     48     0.00023
2011     49     0.00013
2011     50     0.00010
2011     51     0.00005
2011     52     0.00005
2011     53     0.00002
2011     54     0.00003
2011     55+    0.00000
2012     12-    0.00000
2012     13     0.00008
2012     14     0.00031
2012     15     0.00106
2012     16     0.00324
2012     17     0.00681
2012     18     0.01315
2012     19     0.02370
2012     20     0.03351
2012     21     0.04360
2012     22     0.05619
2012     23     0.07005
2012     24     0.08764
2012     25     0.10634
2012     26     0.12089
2012     27     0.13448
2012     28     0.14416
2012     29     0.14809
2012     30     0.14701
2012     31     0.13859
2012     32     0.12937
2012     33     0.11509
2012     34     0.10143
2012     35     0.08799
2012     36     0.07320
2012     37     0.05822
2012     38     0.04601
2012     39     0.03534
2012     40     0.02523
2012     41     0.01740
2012     42     0.01109
2012     43     0.00677
2012     44     0.00357
2012     45     0.00188
2012     46     0.00084
2012     47     0.00037
2012     48     0.00028
2012     49     0.00014
2012     50     0.00011
2012     51     0.00006
2012     52     0.00004
2012     53     0.00004
2012     54     0.00001
2012     55+    0.00002
2013     12-    0.00000
2013     13     0.00004
2013     14     0.00030
2013     15     0.00101
2013     16     0.00294
2013     17     0.00627
2013     18     0.01250
2013     19     0.02253
2013     20     0.03195
2013     21     0.04222
2013     22     0.05303
2013     23     0.06780
2013     24     0.08470
2013     25     0.10300
2013     26     0.11913
2013     27     0.13353
2013     28     0.14272
2013     29     0.14679
2013     30     0.14522
2013     31     0.13820
2013     32     0.12661
2013     33     0.11540
2013     34     0.10185
2013     35     0.08913
2013     36     0.07413
2013     37     0.05929
2013     38     0.04722
2013     39     0.03619
2013     40     0.02633
2013     41     0.01779
2013     42     0.01121
2013     43     0.00713
2013     44     0.00393
2013     45     0.00194
2013     46     0.00088
2013     47     0.00042
2013     48     0.00028
2013     49     0.00012
2013     50     0.00009
2013     51     0.00007
2013     52     0.00002
2013     53     0.00002
2013     54     0.00001
2013     55+    0.00002
2014     12-    0.00000
2014     13     0.00005
2014     14     0.00028
2014     15     0.00096
2014     16     0.00269
2014     17     0.00591
2014     18     0.01197
2014     19     0.02119
2014     20     0.03046
2014     21     0.04115
2014     22     0.05198
2014     23     0.06518
2014     24     0.08288
2014     25     0.09985
2014     26     0.11762
2014     27     0.13115
2014     28     0.14242
2014     29     0.14745
2014     30     0.14653
2014     31     0.14012
2014     32     0.12958
2014     33     0.11538
2014     34     0.10318
2014     35     0.08941
2014     36     0.07577
2014     37     0.06130
2014     38     0.04850
2014     39     0.03806
2014     40     0.02779
2014     41     0.01844
2014     42     0.01190
2014     43     0.00726
2014     44     0.00419
2014     45     0.00206
2014     46     0.00101
2014     47     0.00044
2014     48     0.00031
2014     49     0.00018
2014     50     0.00010
2014     51     0.00004
2014     52     0.00002
2014     53     0.00004
2014     54     0.00001
2014     55+    0.00001
2015     12-    0.00000
2015     13     0.00004
2015     14     0.00026
2015     15     0.00092
2015     16     0.00248
2015     17     0.00539
2015     18     0.01056
2015     19     0.01961
2015     20     0.02870
2015     21     0.03872
2015     22     0.04932
2015     23     0.06190
2015     24     0.07794
2015     25     0.09637
2015     26     0.11214
2015     27     0.12821
2015     28     0.13812
2015     29     0.14261
2015     30     0.14332
2015     31     0.13826
2015     32     0.12737
2015     33     0.11448
2015     34     0.10082
2015     35     0.08964
2015     36     0.07606
2015     37     0.06080
2015     38     0.04952
2015     39     0.03794
2015     40     0.02722
2015     41     0.01898
2015     42     0.01204
2015     43     0.00725
2015     44     0.00392
2015     45     0.00215
2015     46     0.00099
2015     47     0.00042
2015     48     0.00028
2015     49     0.00018
2015     50     0.00008
2015     51     0.00006
2015     52     0.00003
2015     53     0.00003
2015     54     0.00002
2015     55+    0.00002
2016     12-    0.00000
2016     13     0.00003
2016     14     0.00021
2016     15     0.00079
2016     16     0.00226
2016     17     0.00488
2016     18     0.00940
2016     19     0.01819
2016     20     0.02733
2016     21     0.03727
2016     22     0.04709
2016     23     0.05925
2016     24     0.07478
2016     25     0.09147
2016     26     0.10807
2016     27     0.12369
2016     28     0.13490
2016     29     0.13995
2016     30     0.14083
2016     31     0.13629
2016     32     0.12802
2016     33     0.11446
2016     34     0.10070
2016     35     0.08762
2016     36     0.07601
2016     37     0.06126
2016     38     0.04945
2016     39     0.03818
2016     40     0.02887
2016     41     0.01946
2016     42     0.01202
2016     43     0.00729
2016     44     0.00426
2016     45     0.00199
2016     46     0.00104
2016     47     0.00047
2016     48     0.00031
2016     49     0.00014
2016     50     0.00011
2016     51     0.00005
2016     52     0.00002
2016     53     0.00003
2016     54     0.00001
2016     55+    0.00001
